pp 0.000000   2.334614   0.000000   2.871452   8.423470   0.000000   0.000000   0.000000   0.000000   0 0 
pp 0.000000   4.894195   0.124745   3.622358   37.314636   1.447124   2.877818   1.983758   1.831888   1 0 
pp 0.000000   4.894195   0.124745   3.622358   37.314636   1.447124   2.877818   1.983758   1.831888   0 1 
pp 0.000000   7.121915   0.306332   29.539095   42.244610   7.126642   2.877818   1.983758   1.831888   0 2 
pp 0.000000   7.121915   0.306332   29.539095   42.244610   7.126642   2.877818   1.983758   1.831888   1 2 
pp 0.000000   12.408358   2.177240   34.776192   51.457603   9.042208   4.701460   9.177809   3.344677   0 3 
pp 0.000000   12.408358   2.177240   34.776192   51.457603   9.042208   4.701460   9.177809   3.344677   0 4 
pp 0.000000   12.408358   2.177240   34.776192   51.457603   9.042208   4.701460   9.177809   3.344677   1 4 
pp 0.000000   12.408358   2.177240   34.776192   51.457603   9.042208   4.701460   9.177809   3.344677   0 6 
pp 0.000000   12.626756   6.330874   39.913414   137.038712   19.291574   4.701460   22.665979   3.344677   1 6 
pp 0.000000   12.626756   6.330874   39.913414   137.038712   19.291574   4.701460   22.665979   3.344677   0 7 
pp 14.428190   22.869955   6.330874   44.746414   294.642273   55.315392   4.701460   35.015186   3.344677   0 8 
pp 14.428190   23.623329   6.330874   44.746414   294.642273   55.315392   4.701460   35.015186   3.344677   1 8 
pp 14.428190   27.419989   6.330874   49.551659   366.655518   58.960175   6.771297   41.187637   4.160831   0 9 
pp 14.428190   27.419989   6.330874   49.551659   366.655518   58.960175   6.771297   41.187637   4.160831   1 9 
pp 14.428190   27.419989   6.330874   49.551659   366.655518   58.960175   6.771297   41.187637   4.160831   2 9 
pp 14.533125   27.919182   7.006078   58.875000   384.966736   61.592621   6.771297   42.641014   4.160831   0 10 
pp 14.533125   27.919182   7.006078   58.875000   384.966736   61.592621   6.771297   42.641014   4.160831   1 10 
pp 18.535646   30.451765   7.006078   62.863037   434.626678   61.592621   6.771297   42.641014   4.160831   0 11 
pp 18.535646   30.451765   7.006078   62.863037   434.626678   61.592621   6.771297   42.641014   4.160831   0 12 
pp 19.990128   31.085672   7.006078   62.863037   461.569000   61.592621   6.852059   43.758350   4.160831   1 12 
pp 19.990128   31.085672   7.006078   62.863037   461.569000   61.592621   6.852059   43.758350   4.160831   0 13 
pp 20.991955   34.040836   13.323887   62.894596   489.086609   64.691132   7.095761   56.035976   4.160831   1 13 
pp 21.445024   37.104553   13.921695   63.058769   514.957214   68.014145   7.825248   57.698135   4.160831   0 14 
pp 21.445024   37.104553   13.921695   63.058769   514.957214   68.014145   7.825248   57.698135   4.160831   1 14 
pp 21.445024   37.104553   13.921695   63.058769   514.957214   68.014145   7.825248   57.698135   4.160831   0 15 
pp 24.262983   38.750355   13.921695   63.058769   711.726868   68.014145   7.825248   57.698135   4.160831   1 15 
pp 24.262983   38.750355   13.921695   63.058769   739.620972   68.014145   7.825248   58.243832   4.160831   0 16 
pp 24.262983   40.187813   13.921695   63.058769   792.522583   68.014145   7.825248   58.243832   4.160831   0 17 
pp 24.262983   40.187813   13.921695   63.058769   792.522583   68.014145   7.825248   58.243832   4.160831   1 17 
pp 24.262983   40.187813   13.921695   63.278168   825.490967   74.447273   7.825248   60.067226   4.160831   0 18 
pp 24.262983   40.187813   13.921695   63.278168   825.490967   74.447273   7.825248   60.067226   4.160831   1 18 
pp 24.262983   40.187813   13.921695   63.278168   825.490967   74.447273   7.825248   60.067226   4.160831   0 19 
pp 24.262983   42.091869   13.921695   65.211632   841.342041   76.926765   8.849892   60.067226   5.231412   1 19 
pp 24.262983   42.091869   14.470824   66.393539   895.510376   78.183708   9.126955   75.380074   5.231412   0 20 
pp 24.262983   42.091869   14.470824   66.393539   895.510376   78.183708   9.126955   75.380074   5.231412   1 20 
pp 25.598219   42.091869   14.470824   71.549431   939.307617   80.439835   9.126955   76.681091   5.231412   0 21 
pp 25.598219   42.091869   14.470824   71.549431   939.307617   80.439835   9.126955   76.681091   5.231412   1 21 
pp 28.458557   42.091869   14.470824   72.334938   1012.490234   82.725540   9.126955   76.787086   5.231412   0 22 
pp 30.130413   58.154182   14.470824   126.893463   1037.148315   82.725540   9.617467   81.196030   22.373848   0 23 
pp 30.130413   58.154182   14.470824   126.893463   1037.148315   82.725540   9.617467   81.196030   22.373848   0 24 
pp 30.299011   71.716309   14.470824   130.081100   1089.299072   96.202255   9.617467   84.919678   22.373848   0 25 
pp 30.299011   86.122673   15.347854   136.640182   1348.104126   96.202255   9.617467   86.046875   22.373848   0 26 
pp 30.299011   86.122673   15.347854   136.640182   1348.104126   96.202255   9.617467   86.046875   22.373848   1 26 
pp 30.299011   88.424911   15.347854   136.640182   1348.104126   96.202255   9.617467   86.046875   22.373848   0 28 
pp 30.299011   105.437904   17.080566   147.616623   1398.651489   115.409492   16.655642   89.469612   33.256371   0 29 
pp 30.299011   105.437904   19.882740   150.672409   1449.845337   116.820694   16.655642   89.469612   33.256371   0 30 
pp 30.299011   105.437904   19.882740   150.672409   1449.845337   116.820694   16.655642   89.469612   33.256371   1 30 
pp 30.299011   105.437904   19.882740   150.672409   1449.845337   116.820694   16.655642   89.469612   33.256371   0 31 
pp 32.023609   109.985435   19.882740   153.181122   1464.867065   120.155182   17.375547   90.235580   34.300236   1 31 
pp 50.200584   119.260742   20.888626   172.479904   1545.301392   137.860458   25.812601   90.741508   36.211903   0 32 
pp 50.200584   119.260742   20.888626   172.479904   1545.301392   137.860458   25.812601   90.741508   36.211903   1 32 
pp 50.200584   119.260742   20.888626   172.479904   1545.301392   137.860458   25.812601   90.741508   36.211903   0 33 
pp 50.296150   121.335571   20.888626   172.479904   1564.399292   138.686707   26.310358   92.901955   36.593510   1 33 
pp 51.195576   125.480309   20.888626   186.643341   1584.122925   140.559448   26.310358   92.901955   36.593510   0 34 
pp 53.012711   128.078339   25.520065   195.782227   1623.114990   142.227707   34.471527   94.936150   36.593510   1 34 
pp 53.012711   128.078339   25.520065   195.782227   1623.114990   142.227707   34.471527   94.936150   36.593510   0 35 
pp 53.012711   128.078339   25.520065   195.782227   1623.114990   142.227707   34.471527   94.936150   36.593510   0 36 
pp 53.012711   128.078339   25.520065   195.782227   1623.114990   142.227707   34.471527   94.936150   36.593510   0 37 
pp 53.012711   135.404587   25.520065   200.500031   1663.511597   143.761780   34.766941   95.373642   38.319168   1 37 
pp 53.012711   135.404587   25.520065   200.500031   1663.511597   143.761780   34.766941   95.373642   38.319168   0 38 
pp 56.354977   135.404587   25.520065   207.322769   1824.997070   151.527008   38.049965   97.391144   38.319168   1 38 
pp 56.790367   136.699341   28.935623   218.028717   1877.193726   167.491653   38.049965   97.391144   43.790977   0 39 
pp 56.790367   136.699341   28.935623   218.028717   1877.193726   167.491653   38.049965   97.391144   43.790977   0 40 
pp 62.821930   142.912735   28.935623   228.075821   1935.507690   172.604843   38.536133   105.092743   43.790977   1 40 
pp 62.821930   142.912735   28.935623   228.075821   1935.507690   172.604843   38.536133   105.092743   43.790977   2 40 
pp 62.821930   142.912735   28.935623   228.075821   1935.507690   172.604843   38.536133   105.092743   43.790977   0 41 
pp 62.821930   142.912735   28.935623   231.148026   2045.097778   180.238358   38.536133   105.092743   43.790977   0 42 
pp 62.821930   142.912735   28.935623   231.148026   2045.097778   180.238358   38.536133   105.092743   43.790977   1 42 
pp 62.821930   142.912735   28.935623   231.148026   2045.097778   180.238358   38.536133   105.092743   43.790977   0 43 
pp 62.821930   142.912735   29.266451   232.320648   2068.253174   180.493179   38.536133   105.092743   45.996792   0 44 
pp 62.821930   143.704178   29.266451   232.320648   2068.253174   180.493179   38.536133   105.092743   45.996792   0 45 
pp 72.593437   157.467667   29.508022   233.155762   2126.690186   188.669540   41.378632   112.732704   46.039272   0 46 
pp 72.593437   157.467667   29.508022   233.155762   2126.690186   188.669540   41.378632   112.732704   46.039272   1 46 
pp 72.593437   157.467667   29.508022   233.155762   2126.690186   188.669540   41.378632   112.732704   46.039272   2 46 
pp 73.866623   165.395767   30.282394   234.509628   2159.351074   193.957199   41.378632   114.191597   46.039272   0 47 
pp 80.867226   170.016525   30.282394   268.135254   2250.179199   210.583084   44.677773   139.909348   50.593891   0 48 
pp 80.867226   174.587219   30.282394   268.135254   2663.910400   214.153625   44.677773   187.069946   50.593891   0 49 
pp 82.795364   182.148300   30.449348   269.145813   2694.816406   220.596634   44.677773   192.666992   63.790615   0 50 
pp 82.795364   182.148300   30.449348   269.145813   2694.816406   220.596634   44.677773   192.666992   63.790615   1 50 
pp 82.795364   182.148300   30.449348   269.145813   2694.816406   220.596634   44.677773   192.666992   63.790615   0 51 
pp 82.795364   182.148300   30.449348   269.145813   2720.582275   222.224335   44.677773   193.405975   64.287514   1 51 
pp 82.795364   182.148300   30.449348   269.145813   2720.582275   222.224335   44.677773   193.405975   64.287514   0 52 
pp 88.134293   185.336487   32.097073   271.358337   2744.028809   223.128525   44.928101   199.146088   64.724846   1 52 
pp 88.134293   185.336487   32.097073   271.358337   2744.028809   223.128525   44.928101   199.146088   64.724846   0 53 
pp 88.134293   189.602661   38.923241   276.092133   2789.065430   225.027237   44.928101   199.146088   70.598373   1 53 
pp 113.876724   189.602661   38.923241   284.841980   2892.304932   225.027237   44.928101   199.146088   70.598373   0 54 
pp 113.876724   189.602661   38.923241   284.841980   2892.304932   225.027237   44.928101   199.146088   70.598373   0 55 
pp 113.876724   189.602661   38.923241   284.841980   2892.304932   225.027237   44.928101   199.146088   70.598373   0 56 
pp 113.876724   189.602661   38.923241   284.841980   2892.304932   225.027237   44.928101   199.146088   70.598373   0 57 
pp 115.364372   192.055405   38.923241   304.425415   2996.885254   237.059937   44.928101   220.316772   70.598373   0 58 
pp 126.308212   198.189285   39.499279   324.206146   3157.629883   237.059937   44.928101   239.180115   70.598373   0 59 
pp 132.661209   203.889175   39.499279   326.113892   3185.558594   237.059937   44.928101   248.231720   70.598373   0 60 
pp 134.358307   207.615631   39.499279   326.113892   3368.059082   243.028214   44.928101   264.794189   70.598373   0 61 
pp 134.358307   207.615631   39.499279   326.113892   3368.059082   243.028214   44.928101   264.794189   70.598373   1 61 
pp 134.358307   207.615631   39.499279   326.113892   3368.059082   243.028214   44.928101   264.794189   70.598373   0 63 
pp 134.776749   208.228745   39.499279   326.113892   3425.682861   252.399963   44.928101   264.794189   70.598373   0 64 
pp 135.772308   209.926514   39.499279   326.113892   3532.946777   266.085907   46.214333   274.365082   71.131546   0 65 
pp 135.772308   209.926514   39.499279   326.113892   3532.946777   266.085907   46.214333   274.365082   71.131546   0 67 
pp 135.772308   209.926514   39.499279   326.113892   3532.946777   266.085907   46.214333   274.365082   71.131546   0 68 
pp 135.772308   209.926514   39.499279   341.847717   3784.576172   266.718384   46.214333   274.365082   71.131546   1 68 
pp 135.772308   209.926514   39.499279   360.359192   4090.107178   285.303314   46.214333   274.365082   71.131546   0 69 
pp 135.772308   209.926514   39.499279   360.359192   4090.107178   285.303314   46.214333   274.365082   71.131546   1 69 
pp 135.772308   209.926514   39.499279   360.359192   4090.107178   285.303314   46.214333   274.365082   71.131546   0 70 
pp 135.772308   210.789749   39.499279   360.359192   4090.107178   285.303314   46.214333   274.365082   71.131546   1 70 
pp 137.138840   214.098679   43.041828   364.676147   4109.390625   285.802185   47.479996   276.299744   74.117653   0 71 
pp 137.138840   214.098679   43.041828   364.676147   4109.390625   285.802185   47.479996   276.299744   74.117653   0 72 
pp 137.138840   214.098679   43.041828   367.451843   4146.531738   289.244934   47.479996   278.674164   74.117653   0 73 
pp 137.138840   214.098679   43.041828   367.451843   4146.531738   289.244934   47.479996   278.674164   74.117653   1 73 
pp 137.138840   214.098679   43.041828   367.451843   4146.531738   289.244934   47.479996   278.674164   74.117653   0 74 
pp 137.138840   217.307922   44.588837   377.563904   4148.545410   304.745209   48.225971   282.073120   74.117653   1 74 
pp 137.138840   217.307922   44.588837   377.563904   4148.545410   304.745209   48.225971   282.073120   74.117653   0 75 
pp 137.138840   220.110123   44.588837   377.563904   4180.843750   305.107208   48.750000   282.073120   74.117653   1 75 
pp 137.523743   228.757736   44.588837   378.782593   4234.047852   307.325409   52.108482   293.469086   76.151901   0 76 
pp 137.523743   228.757736   44.588837   378.782593   4234.047852   307.325409   52.108482   293.469086   76.151901   1 76 
pp 137.523743   228.757736   44.588837   378.782593   4234.047852   307.325409   52.108482   293.469086   76.151901   0 77 
pp 137.523743   234.293747   44.588837   383.849243   4271.557129   310.551819   52.108482   295.076752   76.151901   0 78 
pp 137.523743   235.262131   44.588837   383.849243   4271.557129   310.551819   52.108482   295.076752   76.151901   0 79 
pp 140.889572   236.201294   45.114983   387.908936   4278.681152   313.062103   52.108482   302.572845   76.151901   1 79 
pp 140.889572   236.201294   45.114983   390.937958   4358.884277   314.287476   52.108482   302.572845   78.160278   0 80 
pp 140.889572   236.201294   45.114983   390.937958   4358.884277   314.287476   52.108482   302.572845   78.160278   1 80 
pp 140.889572   236.201294   45.114983   390.937958   4358.884277   314.287476   52.108482   302.572845   78.160278   0 82 
pp 140.889572   236.201294   45.114983   390.937958   4358.884277   314.287476   52.108482   302.572845   78.160278   0 83 
pp 140.889572   250.882141   45.114983   390.937958   4560.055176   314.287476   52.108482   302.572845   78.160278   1 83 
pp 140.889572   250.882141   45.114983   390.937958   4560.055176   314.287476   52.108482   302.572845   78.160278   0 85 
pp 146.991913   270.366364   45.114983   421.157227   4593.661621   314.287476   52.108482   325.232574   80.277519   0 86 
pp 151.695526   278.474182   51.671658   427.576447   4601.998047   323.372131   52.108482   325.232574   80.277519   1 86 
pp 151.695526   278.474182   51.671658   427.576447   4601.998047   323.372131   52.108482   325.232574   80.277519   0 87 
pp 151.695526   278.474182   51.671658   427.576447   4601.998047   323.372131   52.108482   325.232574   80.277519   0 90 
pp 155.516571   278.474182   51.671658   430.402435   4627.900391   328.630615   56.105743   328.956329   80.277519   0 91 
pp 155.516571   278.923096   53.617634   431.847809   4655.479492   328.630615   56.105743   330.431488   80.277519   0 92 
pp 155.516571   278.923096   53.617634   431.847809   4655.479492   328.630615   56.105743   330.431488   80.277519   1 92 
pp 155.516571   278.923096   53.617634   431.847809   4655.479492   328.630615   56.105743   330.431488   80.277519   0 93 
pp 155.516571   279.050110   53.939766   433.765747   4703.350586   329.755890   56.105743   331.471100   80.277519   1 93 
pp 155.516571   279.050110   53.939766   433.765747   4703.350586   329.755890   56.105743   331.471100   80.277519   0 94 
pp 165.207718   279.050110   53.939766   433.765747   4797.142090   335.429718   56.105743   340.315857   81.519844   1 94 
pp 165.207718   293.802856   54.870583   440.280365   4914.816406   338.741180   57.628036   346.269958   81.519844   0 95 
pp 165.207718   293.802856   54.870583   440.280365   4914.816406   338.741180   57.628036   346.269958   81.519844   1 95 
pp 165.207718   295.972443   55.000942   443.967804   4936.071777   340.677368   57.628036   346.269958   81.519844   2 95 
pp 165.944763   295.972443   58.141491   445.627289   4997.799805   346.306824   57.628036   348.339996   84.736115   0 96 
pp 165.944763   295.972443   58.141491   445.627289   4997.799805   346.306824   57.628036   348.339996   84.736115   1 96 
pp 165.944763   295.972443   58.141491   445.627289   4997.799805   346.306824   57.628036   348.339996   84.736115   0 97 
pp 168.051758   295.972443   58.141491   451.195618   5012.181152   346.306824   57.628036   348.339996   84.736115   1 97 
pp 168.762756   297.736237   61.599537   455.984375   5135.263184   377.306122   60.651295   352.744171   99.319427   0 98 
