pp 0.000000 0.000000 2.290885 0.000000 15.947665 1.293809 0.000000 1.680344 0.998978 0 0 
pp 0.000000 17.311216 1.043976 1.843694 15.931353 1.447124 0.000000 0.124745 0.000000 1 0 
pp 4.609732 22.164963 2.211552 0.000000 35.379227 11.277220 0.000000 0.000000 0.000000 0 1 
pp 0.000000 2.227720 0.181587 0.000000 27.366602 9.159627 0.000000 0.000000 0.000000 0 2 
pp 1.495272 15.974728 2.426835 1.447267 12.109961 0.597847 0.000000 0.000000 0.000000 1 2 
pp 3.681516 7.357388 4.718540 1.555582 11.468867 0.741865 0.000000 0.835182 1.870908 0 3 
pp 0.000000 0.000000 0.000000 2.617012 47.313728 0.000000 0.486499 0.000000 0.144132 0 4 
pp 0.000000 2.913918 2.085078 0.486352 12.122138 1.634906 0.000000 7.050776 0.000000 1 4 
pp 0.000000 8.008362 0.000000 7.261612 275.482300 4.808093 0.169208 0.000000 1.719211 0 6 
pp 1.159276 29.030096 6.645884 3.426175 61.959824 6.842288 0.180825 0.000000 0.000000 1 6 
pp 0.334164 0.000000 0.000000 0.000000 30.424767 5.945709 0.000000 2.260321 2.604278 0 7 
pp 4.833000 66.316925 4.006409 5.401793 135.550446 0.000000 4.944244 0.000000 0.000000 0 8 
pp 0.000000 3.853328 0.041578 0.371445 16.686430 1.581975 1.448066 0.000000 0.000000 1 8 
pp 0.508224 3.738065 0.000000 2.311359 67.342812 13.047533 3.796659 2.573690 0.000000 0 9 
pp 0.000000 1.186319 0.000000 0.000000 115.056618 0.000000 0.000000 0.000000 0.000000 1 9 
pp 0.314710 30.936672 5.193673 8.676764 46.881065 8.335281 0.000000 0.000000 7.584135 2 9 
pp 0.438015 5.380441 3.471884 0.675204 20.201414 1.453376 0.000000 0.803434 0.000000 0 10 
pp 0.284392 2.755169 0.000000 3.011219 33.712189 2.094898 0.000000 1.108490 0.000000 1 10 
pp 0.000000 1.276926 0.000000 0.000000 52.371040 2.532583 0.000000 4.002521 0.000000 0 11 
pp 0.000000 4.747591 0.583615 1.271792 99.214279 4.611754 4.040903 0.000000 0.000000 0 12 
pp 0.000000 1.454482 0.633907 0.080762 26.942307 0.000000 1.117337 0.000000 0.000000 1 12 
pp 0.104912 12.235677 3.187886 0.135831 33.681526 0.722428 0.000000 0.161678 0.003181 0 13 
pp 0.243701 15.211536 3.098513 0.586721 26.575943 6.317810 0.446668 0.234739 0.000000 1 13 
pp 1.662159 5.989301 3.482225 0.729487 20.528112 2.855540 0.000000 0.394371 0.222872 0 14 
pp 0.000000 7.776696 1.330320 0.778262 25.549694 2.002953 0.000000 5.718197 0.071693 1 14 
pp 0.000000 0.314637 0.685345 2.891136 66.620338 2.863351 0.000000 0.731029 5.218401 0 15 
pp 0.000000 0.000000 2.817959 0.000000 196.769653 1.645802 0.000000 0.000000 0.000000 1 15 
pp 0.000000 0.545695 0.000000 0.000000 27.894119 0.000000 0.000000 0.000000 0.000000 0 16 
pp 0.000000 1.437458 0.000000 0.000000 49.102318 3.799319 0.000000 0.000000 0.000000 0 17 
pp 0.000000 5.631677 0.000000 0.000000 21.889778 0.000000 0.000000 0.000000 0.033476 1 17 
pp 0.000000 9.999080 4.452353 0.000000 24.949974 1.823393 0.000000 0.219397 0.000000 0 18 
pp 0.000000 9.610842 6.698308 0.000000 18.191685 12.729156 0.000000 0.000000 0.000000 1 18 
pp 0.000000 16.024849 15.834011 3.945129 22.649414 0.755625 0.000000 0.000000 0.000000 0 19 
pp 1.857231 4.689381 0.000000 0.507712 14.479654 1.065547 0.000000 1.070581 0.000000 1 19 
pp 0.549130 1.256938 6.729149 0.000000 46.309479 16.442579 0.000000 0.000000 1.181911 0 20 
pp 0.035857 8.577138 9.993768 0.000000 6.294380 0.588181 0.000000 0.343707 0.000000 1 20 
pp 0.283828 1.301016 0.000000 0.000000 43.431526 6.135627 0.000000 0.000000 1.335235 0 21 
pp 0.000000 1.147434 0.599325 0.000000 44.563129 46.164433 0.000000 0.220284 1.857201 1 21 
pp 2.860338 0.785507 0.000000 0.000000 73.182533 0.105993 0.000000 2.285702 0.000000 0 22 
pp 1.610491 0.490512 4.408941 0.000000 74.126526 9.318875 1.671857 16.062311 5.090116 0 23 
pp 0.585113 10.074661 0.000000 4.097366 21.380234 0.000000 0.000000 0.570488 0.000000 0 24 
pp 0.000000 13.476717 0.000000 1.031748 47.352879 11.209772 0.000000 3.953188 9.245229 0 25 
pp 0.000000 0.000000 0.000000 0.000000 258.804993 5.166053 0.877029 14.406363 2.520229 0 26 
pp 0.773444 12.939431 12.512174 0.000000 13.762867 4.746150 0.000000 0.000000 0.000000 1 26 
pp 0.972095 13.155857 0.343588 0.000000 4.081723 1.127215 0.000000 0.000000 0.000000 0 28 
pp 11.233078 30.529963 9.991935 0.486324 45.967110 14.628204 0.000000 7.038176 3.422739 0 29 
pp 0.000000 0.117992 1.293200 2.702637 51.193893 2.802174 0.353148 0.000000 0.000000 0 30 
pp 0.000000 1.584318 1.459818 0.000000 21.038853 3.112676 0.061781 1.120547 0.000000 1 30 
pp 0.000000 55.692806 14.845904 11.230330 60.091057 0.000000 0.000000 0.000000 0.000000 0 31 
pp 2.625420 7.167186 0.548739 4.547541 10.109299 0.295445 1.021130 2.706886 0.645163 1 31 
pp 0.000000 16.800230 5.855310 0.505926 79.230110 8.446864 0.000000 9.110524 21.438858 0 32 
pp 0.000000 1.565922 0.000000 2.615737 29.499256 0.895411 0.000000 4.562099 0.202032 1 32 
pp 1.859515 12.946010 0.919297 0.138632 16.693134 0.994908 0.000000 0.000000 0.196382 0 33 
pp 0.000000 1.786657 2.320429 1.133108 16.251188 3.231674 0.000000 0.095565 0.000000 1 33 
pp 0.000000 4.183199 18.308510 4.271570 34.192345 3.341784 0.000000 0.000000 0.000000 0 34 
pp 5.631075 0.849119 0.000000 1.163069 42.700119 10.195366 1.817136 4.431193 0.000000 1 34 
pp 0.000000 9.362772 0.958520 1.110500 67.776863 5.659419 0.000000 1.992831 0.000000 0 35 
pp 0.000000 0.000000 1.724874 0.000000 22.785358 2.616889 1.233024 0.000000 0.000000 0 36 
pp 0.000000 0.165264 0.000000 1.471071 33.190411 4.659323 0.000000 4.899268 0.000000 0 37 
pp 1.479718 10.375554 4.717814 3.259727 36.305119 0.000000 0.000000 0.000000 0.295415 1 37 
pp 0.000000 0.727333 1.689811 0.883170 26.768410 7.667282 0.000000 2.427981 2.708635 0 38 
pp 6.822733 0.000000 0.000000 3.342267 167.279541 2.017506 0.000000 1.686541 0.284622 1 38 
pp 0.584500 10.556828 0.000000 7.994888 44.201786 1.294749 0.000000 21.436457 2.575701 0 39 
pp 0.000000 21.377182 3.382942 3.873725 83.939514 0.089874 0.000000 0.353746 0.000000 0 40 
pp 0.000000 15.637270 6.213397 0.000000 44.972511 17.956383 0.000000 3.095657 0.000000 1 40 
pp 0.098865 5.523422 0.823151 0.000000 9.494233 7.750669 0.000000 0.407805 1.060792 2 40 
pp 0.230595 5.373138 2.153957 0.000000 29.583727 2.743345 2.081949 1.767452 0.473847 0 41 
pp 0.000000 46.331474 0.000000 0.000000 73.964058 0.000000 0.000000 0.000000 0.000000 0 42 
pp 2.219451 16.733765 7.510901 19.902821 161.958176 21.267124 19.179993 5.603333 0.000000 1 42 
pp 0.720333 4.956126 2.143721 1.545883 18.797504 5.063089 0.000000 0.000000 0.000000 0 43 
pp 2.205814 0.254829 0.330828 0.000000 23.155052 0.000000 1.172627 0.000000 0.000000 0 44 
pp 0.811499 5.136443 8.385150 15.527383 47.220726 31.484709 0.000000 2.590910 1.976536 0 45 
pp 0.000000 6.145330 1.715563 0.000000 43.196129 31.699512 0.483974 7.598835 10.327883 0 46 
pp 3.355882 17.635738 1.581277 0.127406 59.856087 1.691446 0.000000 2.808253 0.249887 1 46 
pp 3.369742 30.621033 3.729929 0.798058 276.577301 0.000000 0.000000 0.000000 0.000000 2 46 
pp 5.287659 10.310147 1.458893 0.774373 19.457142 4.247328 5.635573 3.565704 0.000000 0 47 
pp 6.105348 25.717752 3.299140 16.467012 106.826927 16.235235 0.000000 4.620759 7.000602 0 48 
pp 4.570697 0.000000 0.000000 0.000000 413.731079 42.802357 3.570543 0.000000 4.358238 0 49 
pp 1.516662 7.003010 0.166954 0.411475 26.528900 6.442993 1.010558 6.046118 17.316982 0 50 
pp 7.468581 3.697218 1.855923 5.439706 38.693577 2.750407 0.000000 7.326579 0.000000 1 50 
pp 0.000000 11.384109 0.194214 0.000000 43.126911 0.114485 0.000000 0.000000 0.000000 0 51 
pp 0.000000 0.000000 0.000000 0.000000 21.985044 5.041599 0.000000 0.366936 0.496897 1 51 
pp 0.915005 5.181901 1.055743 1.427031 31.759096 1.827524 3.686381 11.788143 2.198765 0 52 
pp 0.437331 11.070381 2.358417 5.035293 16.111946 7.196877 0.955148 0.000000 0.000000 1 52 
pp 1.833830 10.747341 7.097684 0.000000 67.733932 26.421186 0.000000 3.852728 0.000000 0 53 
pp 0.000000 11.813807 1.954865 5.873532 36.001537 4.266165 0.000000 6.783659 6.826169 1 53 
pp 0.000000 0.000000 24.304026 0.000000 103.239372 10.188254 0.000000 0.000000 0.000000 0 54 
pp 0.000000 0.736525 6.368280 0.000000 123.083481 0.000000 7.936564 0.000000 0.000000 0 55 
pp 0.000000 4.546880 3.456223 11.815171 19.172060 2.525658 0.000000 0.000000 0.000000 0 56 
pp 0.000000 6.660668 0.000000 17.024883 277.576172 55.544144 0.000000 30.693359 0.000000 0 57 
pp 6.658671 31.725485 0.000000 9.641376 96.478333 16.426014 0.000000 0.000000 0.000000 0 58 
pp 7.261768 42.179913 3.936554 3.682071 144.350769 8.921556 6.133881 0.576039 0.000000 0 59 
pp 0.000000 6.352997 1.907745 0.000000 23.170238 15.296878 0.000000 0.000000 0.000000 0 60 
pp 0.000000 5.579153 10.983302 5.968272 171.922195 10.578367 2.422796 3.000771 0.000000 0 61 
pp 1.349028 2.499866 0.000000 2.745803 82.155464 0.164551 0.000000 0.000000 0.000000 1 61 
pp 0.000000 2.258645 3.402432 0.252423 41.742371 2.527919 0.000000 0.971624 0.123131 0 63 
pp 0.613109 7.320270 0.000000 9.371746 50.721714 0.000000 0.000000 0.000000 0.000000 0 64 
pp 2.355586 5.468824 10.599728 8.501513 105.414841 0.534056 0.000000 2.159260 0.000000 0 65 
pp 0.000000 15.678688 5.005106 8.881771 16.218616 40.133263 0.000000 0.000000 13.093996 0 67 
pp 0.000000 5.109025 1.509440 0.000000 126.774551 1.514273 2.087115 14.476735 2.774293 0 68 
pp 0.209752 0.000000 0.000000 0.000000 267.153290 0.632477 0.000000 0.000000 0.000000 1 68 
pp 0.000000 2.901874 0.000000 18.584923 302.628937 18.511478 0.000000 0.000000 0.000000 0 69 
pp 0.000000 4.849426 1.210129 0.000000 178.885864 0.000000 0.000000 0.000000 1.577050 1 69 
pp 1.564410 27.962036 5.285597 0.000000 53.631611 9.799408 0.000000 4.816353 0.000000 0 70 
pp 0.000000 0.000000 0.000000 0.206200 43.198631 0.411287 0.000000 0.177647 3.095126 1 70 
pp 0.498872 12.786176 1.848724 6.851475 8.519955 2.734415 0.000000 0.000000 2.277914 0 71 
pp 0.000000 10.258007 1.639363 0.000000 11.448912 0.879932 0.260514 0.000000 1.088936 0 72 
pp 2.214037 4.604034 2.775703 2.769440 32.696766 0.000000 0.673322 0.000000 0.000000 0 73 
pp 0.167157 1.559748 0.000000 6.394737 30.439938 0.000000 0.000000 2.989846 0.000000 1 73 
pp 1.441722 8.634346 0.000000 3.477195 291.686371 0.000000 0.000000 3.452362 0.000000 0 74 
pp 3.209249 1.266461 2.510407 1.439567 14.766525 0.841194 0.000000 0.000000 0.000000 1 74 
pp 0.000000 0.000000 0.000000 24.400484 602.953857 0.000000 0.000000 12.794877 0.000000 0 75 
pp 0.000000 2.802194 0.000000 0.362013 30.862349 1.959706 0.000000 0.000000 0.000000 1 75 
pp 0.384905 0.000000 0.000000 0.000000 38.138180 1.333541 4.397963 19.948732 13.995722 0 76 
pp 0.000000 0.984663 10.812563 0.000000 45.003098 3.756879 0.000000 1.768659 14.398781 1 76 
pp 0.193335 3.102186 0.668457 2.309267 49.495419 1.031304 1.264797 4.146585 0.000000 0 77 
pp 0.000000 0.000000 2.991806 0.000000 41.752842 6.384774 0.000000 0.356209 1.002455 0 78 
pp 0.000000 19.382338 0.000000 25.496761 126.036057 17.615200 0.000000 0.000000 0.000000 0 79 
pp 0.000000 7.496083 0.000000 2.510260 7.123902 4.487701 0.000000 1.227454 3.175668 1 79 
pp 0.000000 3.233743 0.000000 0.000000 80.203644 0.000000 2.238874 0.790174 0.000000 0 80 
pp 0.000000 8.325632 8.619806 6.084111 26.319069 0.000000 6.231601 6.694005 2.221612 1 80 
pp 0.000000 15.616668 1.490953 0.000000 72.578278 4.115186 0.000000 0.000000 0.000000 0 82 
pp 3.180607 19.337168 0.000000 0.880874 60.904797 10.069901 0.000000 0.000000 17.615284 0 83 
pp 0.000000 0.000000 0.000000 0.000000 201.171539 14.680853 0.000000 0.000000 0.000000 1 83 
pp 0.580634 0.880548 0.000000 0.000000 57.396175 0.000000 0.761225 0.000000 0.000000 0 85 
pp 0.000000 35.569401 21.548504 0.000000 20.060787 34.893940 0.000000 0.000000 0.000000 0 86 
pp 0.785880 18.336704 0.000000 0.000000 22.226416 5.461160 0.000000 0.000000 0.672326 1 86 
pp 0.000000 5.541932 0.000000 1.031689 26.359684 2.275665 0.000000 0.036599 0.000000 0 87 
pp 11.681839 25.982876 0.000000 0.000000 34.261120 0.560611 2.184839 0.000000 0.000000 0 90 
pp 2.008434 4.638628 0.000000 3.997260 29.626087 5.168483 0.000000 0.000000 0.090001 0 91 
pp 0.000000 0.000000 0.000000 1.445385 29.054239 0.000000 0.000000 0.448912 1.945978 0 92 
pp 0.000000 12.462549 9.036243 0.000000 128.755310 0.000000 9.037775 0.000000 0.000000 1 92 
pp 5.608981 0.000000 14.412408 0.000000 226.842697 2.179398 9.185447 11.634976 0.000000 0 93 
pp 0.000000 2.124219 0.000000 1.125265 42.436890 6.394600 0.000000 0.322132 0.000000 1 93 
pp 0.000000 8.448040 2.900702 1.024445 13.094356 3.795391 0.000000 1.259442 0.274778 0 94 
pp 0.000000 9.691151 0.000000 8.844743 93.791779 0.000000 0.000000 6.916144 0.000000 1 94 
pp 7.390345 8.293185 0.000000 3.952722 117.033356 6.778625 0.000000 4.048376 1.905744 0 95 
pp 0.582999 16.469410 5.011208 0.000000 26.478380 1.403618 0.000000 0.906125 0.000000 1 95 
pp 0.000000 10.327465 0.000000 0.000000 14.387655 2.169601 0.000000 1.555405 0.130358 2 95 
pp 0.737046 6.063572 8.770019 1.659478 55.664658 0.000000 0.000000 0.000000 5.286310 0 96 
pp 0.000000 28.806517 0.000000 0.000000 273.187775 31.480883 0.000000 0.000000 0.000000 1 96 
pp 3.493576 0.000000 28.915422 0.328459 141.489807 0.000000 0.000000 0.000000 4.022902 0 97 
pp 0.000000 2.199254 0.000000 0.000000 19.416317 3.714584 0.000000 0.000000 0.000000 1 97 
pp 0.711006 34.855812 22.857483 2.766089 92.012466 18.987488 0.000000 3.023256 0.000000 0 98 
