pp 0.000000 0.000000 0.063918 0.000000 0.444953 0.036098 0.000000 0.046883 0.027872 0 0 
pp 0.025798 0.427786 0.063918 0.035761 0.838641 0.081659 0.000000 0.049966 0.027872 1 0 
pp 0.051221 0.682579 0.116908 0.165396 1.245336 0.081659 0.000000 0.049966 0.027872 0 1 
pp 0.051221 0.727450 0.120565 0.165396 1.796559 0.266154 0.000000 0.049966 0.027872 0 2 
pp 0.122489 1.196579 0.164477 0.182953 2.152191 0.308656 0.000000 0.049966 0.027872 1 2 
pp 0.261052 1.412633 0.272587 0.204738 2.488981 0.354336 0.054940 0.074491 0.027872 0 3 
pp 0.261052 1.412633 0.272587 0.255685 3.410072 0.354336 0.064411 0.074491 0.030678 0 4 
pp 0.340353 1.523457 0.272587 0.317865 3.871110 0.372833 0.064411 0.342651 0.030678 1 4 
pp 0.340353 1.550380 0.272587 0.334030 4.797259 0.397246 0.070191 0.342651 0.031247 0 6 
pp 0.350109 1.794684 0.328515 0.362863 5.318684 0.454828 0.071713 0.342651 0.031247 1 6 
pp 0.358148 1.794684 0.328515 0.362863 6.050590 0.597859 0.071713 0.397026 0.093896 0 7 
pp 0.378672 2.076307 0.345529 0.385802 6.626222 0.597859 0.092709 0.397026 0.093896 0 8 
pp 0.380353 2.232084 0.345529 0.449756 7.300798 0.612876 0.092709 0.397026 0.152437 1 8 
pp 0.385799 2.272141 0.345529 0.474524 8.022445 0.752693 0.133394 0.424606 0.152437 0 9 
pp 0.385799 2.282347 0.345529 0.474524 9.012239 0.752693 0.133394 0.424606 0.152437 1 9 
pp 0.432869 2.562728 0.348381 0.550068 9.437126 0.831331 0.202130 0.424606 0.152437 2 9 
pp 0.538079 2.725773 0.361655 0.594110 10.049297 0.851792 0.202130 0.448952 0.152437 0 10 
pp 0.538079 2.789273 0.368209 0.642392 10.826283 0.921193 0.202130 0.474501 0.152437 1 10 
pp 0.538079 2.808688 0.368209 0.680900 11.622589 0.921193 0.202130 0.535359 0.152437 0 11 
pp 0.543177 2.850163 0.368209 0.721188 12.489319 0.932304 0.202130 0.535359 0.187738 0 12 
pp 0.543177 2.898279 0.389180 0.723860 13.380598 0.932304 0.239092 0.535359 0.187738 1 12 
pp 0.545187 3.132645 0.450241 0.726462 14.025746 0.946141 0.239092 0.538456 0.187799 0 13 
pp 0.603164 3.417272 0.454801 0.844676 14.523015 0.957120 0.239092 0.542848 0.196156 1 13 
pp 0.700259 3.584272 0.501148 0.924297 15.095402 0.977460 0.245307 0.553844 0.196156 0 14 
pp 0.700259 3.763308 0.531774 0.942214 15.683607 1.023572 0.245307 0.685489 0.197807 1 14 
pp 0.700259 3.767274 0.540414 0.978661 16.523455 1.059669 0.245307 0.694705 0.263593 0 15 
pp 0.700259 3.767274 0.554232 0.978661 17.488335 1.067739 0.245307 0.694705 0.263593 1 15 
pp 0.700259 3.786462 0.554232 0.978661 18.469147 1.067739 0.245307 0.694705 0.263593 0 16 
pp 0.700259 3.806606 0.554232 0.978661 19.157238 1.120981 0.245307 0.694705 0.263593 0 17 
pp 0.700259 4.010985 0.554232 0.978661 19.951641 1.120981 0.246522 0.694705 0.263593 1 17 
pp 0.700259 4.240343 0.656359 0.978661 20.523941 1.162805 0.246522 0.699737 0.263593 0 18 
pp 0.836596 4.435962 0.656359 1.237751 20.894215 1.162805 0.246522 0.699737 0.263593 1 18 
pp 1.061227 4.663300 0.656359 1.248471 21.215532 1.218773 0.246522 0.699737 0.263593 0 19 
pp 1.137772 4.856570 0.656359 1.269396 21.812305 1.262689 0.246522 0.743861 0.263593 1 19 
pp 1.145320 4.873849 0.748861 1.269396 22.448895 1.488716 0.246522 0.743861 0.279840 0 20 
pp 1.523865 5.198734 0.750219 1.291675 22.687313 1.488716 0.246522 0.756880 0.279840 1 20 
pp 1.529136 5.222896 0.750219 1.291675 23.493908 1.602665 0.246522 0.756880 0.304637 0 21 
pp 1.535279 5.234658 0.750219 1.764872 23.950691 1.602665 0.265558 0.759138 0.304637 1 21 
pp 1.535279 5.244573 0.786326 1.766210 24.874477 1.602665 0.265558 0.787990 0.304637 0 22 
pp 1.571836 5.248640 0.799679 1.843479 25.489109 1.602665 0.307764 0.921173 0.318500 0 23 
pp 1.587776 5.523095 0.799679 1.955099 26.071552 1.602665 0.307764 0.936715 0.318500 0 24 
pp 1.587776 5.679312 0.799679 2.085038 26.620445 1.614625 0.414931 0.982538 0.318500 0 25 
pp 1.587776 5.679312 0.799679 2.085038 27.538927 1.632958 0.418043 1.033666 0.327444 0 26 
pp 1.603839 5.948041 1.059536 2.085038 27.824757 1.731528 0.418043 1.033666 0.327444 1 26 
pp 1.648060 6.546505 1.075165 2.085038 28.010435 1.782805 0.418043 1.033666 0.327444 0 28 
pp 1.739165 6.794117 1.156205 2.088983 28.383251 1.901447 0.418043 1.090748 0.355204 0 29 
pp 1.760383 6.796053 1.156205 2.134959 29.223194 1.945789 0.418043 1.090748 0.360998 0 30 
pp 1.760383 6.850945 1.206782 2.134959 29.952118 2.053632 0.420184 1.129572 0.360998 1 30 
pp 1.857828 7.216497 1.206782 2.134959 30.346540 2.127345 0.420184 1.129572 0.360998 0 31 
pp 1.946324 7.458086 1.225279 2.288246 30.687300 2.137304 0.454604 1.220814 0.382745 1 31 
pp 1.983679 7.565264 1.225279 2.342133 31.192753 2.140532 0.591374 1.278935 0.382745 0 32 
pp 1.983679 7.604847 1.225279 2.364767 31.938429 2.206652 0.596480 1.394255 0.382745 1 32 
pp 2.037448 7.979195 1.251862 2.368776 32.421127 2.235420 0.596480 1.394255 0.388423 0 33 
pp 2.037448 8.049737 1.343479 2.413514 33.062771 2.363016 0.596480 1.398028 0.388423 1 33 
pp 2.037448 8.086211 1.503115 2.450759 33.360905 2.392154 0.596480 1.398028 0.388423 0 34 
pp 2.119010 8.098510 1.503115 2.467605 33.979374 2.539825 0.622800 1.462210 0.388423 1 34 
pp 2.130045 8.206300 1.503115 2.532760 34.759663 2.552610 0.622800 1.485153 0.388423 0 35 
pp 2.188065 8.206300 1.503115 2.620785 35.526100 2.552610 0.622800 1.485153 0.429899 0 36 
pp 2.188065 8.210023 1.503115 2.725759 36.273880 2.585753 0.622800 1.595533 0.429899 0 37 
pp 2.269193 8.388443 1.528561 2.725759 36.898190 2.641808 0.627880 1.595533 0.429899 1 37 
pp 2.308608 8.405408 1.528561 2.904598 37.522560 2.662407 0.691059 1.652166 0.429899 0 38 
pp 2.308608 8.405408 1.565497 2.915520 38.428162 2.680501 0.692599 1.661296 0.429899 1 38 
pp 2.315139 8.523381 1.565497 3.004863 38.922123 2.694970 0.692599 1.900851 0.458682 0 39 
pp 2.315139 8.712531 1.595430 3.039139 39.664837 2.695765 0.692599 1.903981 0.458682 0 40 
pp 2.381305 8.879049 1.595430 3.230354 40.143745 2.695765 0.692599 1.936946 0.458682 1 40 
pp 2.384692 9.068285 1.623632 3.230354 40.469025 2.961309 0.692599 1.950917 0.495026 2 40 
pp 2.432932 9.188622 1.628796 3.291794 41.131584 2.961309 0.703212 1.990501 0.541653 0 41 
pp 2.432932 9.573769 1.628796 3.291794 41.746445 2.961309 0.703212 1.990501 0.541653 0 42 
pp 2.462375 9.639364 1.637496 3.375160 42.381313 3.039327 0.703212 2.012466 0.616838 1 42 
pp 2.526893 9.788526 1.659176 3.527540 42.947044 3.085853 0.703212 2.012466 0.616838 0 43 
pp 2.539092 9.797922 1.740513 3.527540 43.800869 3.085853 0.703212 2.012466 0.660078 0 44 
pp 2.611921 9.842534 1.747562 3.800998 44.211002 3.220714 0.720379 2.034969 0.660078 0 45 
pp 2.628749 9.902815 1.747562 4.111945 44.634720 3.220714 0.821687 2.109508 0.664825 0 46 
pp 2.646443 10.100156 1.785113 4.130872 45.304493 3.222140 0.824483 2.140932 0.664825 1 46 
pp 2.657122 10.197194 1.796934 4.133401 46.180973 3.222140 0.824483 2.140932 0.664825 2 46 
pp 2.761340 10.400403 1.825688 4.148664 46.564465 3.305853 0.935558 2.211210 0.664825 0 47 
pp 2.794116 10.538468 1.843399 4.237066 47.137959 3.393012 0.935558 2.236017 0.702408 0 48 
pp 2.794116 10.538468 1.853068 4.327616 48.013214 3.393012 0.944778 2.236017 0.709961 0 49 
pp 2.815109 10.635401 1.855379 4.333311 48.380413 3.482193 0.958765 2.319704 0.949655 0 50 
pp 2.840608 10.686198 1.957994 4.371100 48.912041 3.556931 0.958765 2.420367 0.949655 1 50 
pp 2.840608 10.892269 1.961509 4.371100 49.692699 3.559004 0.958765 2.420367 0.949655 0 51 
pp 2.840608 10.892269 1.961509 4.547199 50.460617 3.559004 0.976121 2.433184 0.949655 1 51 
pp 2.858251 10.978866 1.976800 4.577739 50.991348 3.582851 1.012866 2.630180 1.011260 0 52 
pp 2.911219 11.227495 1.986622 4.739373 51.353207 3.695938 1.012866 2.630180 1.032711 1 52 
pp 2.926761 11.318579 2.046776 4.739373 51.927250 3.919859 1.012866 2.662832 1.032711 0 53 
pp 2.926761 11.478179 2.073185 4.818722 52.413620 3.977493 1.012866 2.754476 1.124930 1 53 
pp 3.022219 11.478179 2.073185 4.858738 52.819111 3.977493 1.012866 2.754476 1.124930 0 54 
pp 3.022219 11.483369 2.118057 4.858738 53.686367 3.977493 1.068787 2.754476 1.124930 0 55 
pp 3.022219 11.592890 2.201307 5.143332 54.148167 4.038329 1.068787 2.754476 1.124930 0 56 
pp 3.022219 11.610079 2.201307 5.187267 54.864491 4.181669 1.068787 2.833685 1.124930 0 57 
pp 3.059835 11.789303 2.201307 5.241733 55.409515 4.274463 1.068787 2.833685 1.124930 0 58 
pp 3.077891 11.982771 2.234615 5.282654 56.071613 4.291352 1.068787 2.836327 1.153064 0 59 
pp 3.115341 12.107483 2.234615 5.582939 56.526459 4.291352 1.068787 2.836327 1.153064 0 60 
pp 3.115341 12.133993 2.286803 5.611298 57.343369 4.341616 1.080300 2.850585 1.153064 0 61 
pp 3.130429 12.161952 2.286803 5.642007 58.262199 4.343456 1.080300 2.850585 1.153064 1 61 
pp 3.130429 12.205998 2.353155 5.646929 59.076229 4.392754 1.080300 2.869533 1.155466 0 63 
pp 3.130429 12.313607 2.362168 5.646929 59.821838 4.530519 1.080300 2.869533 1.155466 0 64 
pp 3.207488 12.353365 2.379293 5.650812 60.588200 4.592325 1.080300 2.885231 1.155466 0 65 
pp 3.257572 12.510255 2.379293 6.052407 60.750492 4.681201 1.211325 2.885231 1.155466 0 67 
pp 3.267358 12.543378 2.379293 6.062224 61.572384 4.681201 1.229312 2.979086 1.168997 0 68 
pp 3.267358 12.543378 2.380076 6.064584 62.569241 4.681201 1.229312 2.979086 1.168997 1 68 
pp 3.267358 12.551847 2.380076 6.118827 63.452503 4.735229 1.229312 2.979086 1.168997 0 69 
pp 3.273700 12.577260 2.380076 6.118827 64.389915 4.735229 1.237576 2.979086 1.168997 1 69 
pp 3.288879 12.848579 2.431362 6.118827 64.910309 4.830314 1.237576 3.025820 1.168997 0 70 
pp 3.288879 12.848579 2.431362 6.126868 65.754906 4.834345 1.298090 3.029293 1.168997 1 70 
pp 3.301779 13.179197 2.479166 6.304029 65.975212 4.905050 1.298090 3.029293 1.227898 0 71 
pp 3.301779 13.580282 2.543264 6.304029 66.422852 4.939456 1.308276 3.029293 1.270475 0 72 
pp 3.349653 13.679835 2.603283 6.363913 67.129860 4.939456 1.322835 3.029293 1.270475 0 73 
pp 3.349653 13.717153 2.607282 6.363913 67.858131 5.092450 1.322835 3.100826 1.270475 1 73 
pp 3.349653 13.745123 2.611953 6.363913 68.803040 5.103714 1.322835 3.112009 1.270475 0 74 
pp 3.417514 13.779358 2.698705 6.386652 69.202217 5.142628 1.322835 3.112009 1.270475 1 74 
pp 3.417514 13.779358 2.698705 6.423797 70.120110 5.142628 1.322835 3.131487 1.270475 0 75 
pp 3.417514 13.857226 2.698705 6.478254 70.977730 5.152688 1.322835 3.131487 1.270475 1 75 
pp 3.422163 13.857226 2.698705 6.478254 71.438431 5.168797 1.375960 3.372458 1.439536 0 76 
pp 3.422163 13.870060 2.839632 6.478254 72.024971 5.217762 1.375960 3.395509 1.627204 1 76 
pp 3.425271 13.919926 2.850377 6.515374 72.820564 5.234340 1.396291 3.462163 1.627204 0 77 
pp 3.481778 13.919926 2.850377 6.635966 73.609154 5.234340 1.415224 3.468891 1.627204 0 78 
pp 3.481778 14.022208 2.850377 6.728923 74.274261 5.368888 1.415224 3.468891 1.627204 0 79 
pp 3.481778 14.310286 2.850377 6.825393 74.548042 5.541352 1.415224 3.516062 1.749246 1 79 
pp 3.481778 14.346530 2.850377 6.825393 75.446968 5.541352 1.415224 3.524919 1.774340 0 80 
pp 3.481778 14.473623 2.981961 6.918269 75.848740 5.541352 1.510352 3.627105 1.808254 1 80 
pp 3.481778 14.604854 2.994490 6.918269 76.458626 5.575933 1.510352 3.627105 1.808254 0 82 
pp 3.481778 14.768960 3.021482 7.003728 76.975487 5.583409 1.659846 3.627105 1.808254 0 83 
pp 3.481778 14.768960 3.021482 7.003728 77.887756 5.649983 1.659846 3.627105 1.808254 1 83 
pp 3.491448 14.783625 3.021482 7.003728 78.843666 5.649983 1.672523 3.627105 1.808254 0 85 
pp 3.680156 15.095118 3.021482 7.309306 79.019348 5.649983 1.672523 3.627105 1.808254 0 86 
pp 3.688822 15.297307 3.021482 7.309306 79.264427 5.710201 1.672523 3.627105 1.815667 1 86 
pp 3.688822 15.454545 3.021482 7.338577 80.012314 5.774767 1.672523 3.628143 1.815667 0 87 
pp 3.845265 15.802507 3.021482 7.338577 80.471146 5.782275 1.701783 3.628143 1.815667 0 90 
pp 3.889378 15.904390 3.021482 7.426373 81.121849 5.895796 1.701783 3.628143 1.817644 0 91 
pp 3.889378 15.904390 3.021482 7.426373 82.005104 5.939736 1.760941 3.641790 1.817644 0 92 
pp 3.946106 15.982627 3.021482 7.426373 82.813408 5.939736 1.760941 3.641790 1.874381 1 92 
pp 3.999512 15.982627 3.042267 7.434449 83.653984 5.939736 1.760941 3.684905 1.908418 0 93 
pp 3.999512 16.023163 3.042267 7.455923 84.463806 6.061763 1.760941 3.691052 1.908418 1 93 
pp 3.999512 16.297476 3.136454 7.489187 84.888985 6.185002 1.760941 3.731946 1.917341 0 94 
pp 3.999512 16.378748 3.136454 7.563360 85.675537 6.185002 1.760941 3.789947 1.917341 1 94 
pp 3.999512 16.432636 3.184477 7.607408 86.436012 6.210686 1.773324 3.816253 1.917341 0 95 
pp 4.097102 16.753370 3.195830 7.634742 86.951653 6.210686 1.773324 3.833899 1.917341 1 95 
pp 4.097102 17.065407 3.195830 7.634742 87.386368 6.276239 1.773324 3.880894 1.921279 2 95 
pp 4.106530 17.142965 3.308006 7.655968 88.098366 6.276239 1.773324 3.880894 1.988895 0 96 
pp 4.106530 17.229349 3.308006 7.750371 88.917580 6.276239 1.773324 3.880894 1.988895 1 96 
pp 4.125929 17.229349 3.468573 7.752195 89.703270 6.276239 1.773324 3.880894 2.011235 0 97 
pp 4.125929 17.275761 3.468573 7.752195 90.113007 6.354628 1.773324 3.880894 2.011235 1 97 
pp 4.129735 17.462341 3.590927 7.767002 90.605537 6.456266 1.773324 3.897078 2.011235 0 98 
