pp 0.000000   0.000000   0.000000   2.334614   7.960830   0.000000   0.000000   3.334092   0.000000   0 0 
pp 1.422137   5.903265   0.062467   4.658869   26.286537   1.843694   1.447124   12.472431   0.000000   1 0 
pp 1.422137   5.903265   0.062467   4.658869   26.286537   1.843694   1.447124   12.472431   0.000000   0 1 
pp 1.422137   8.130984   0.244054   30.575605   31.216511   7.523212   1.447124   12.472431   0.000000   0 2 
pp 1.422137   8.130984   0.244054   30.575605   31.216511   7.523212   1.447124   12.472431   0.000000   1 2 
pp 1.476748   14.999538   1.625997   33.145081   40.481827   13.105749   3.318032   18.097393   0.835182   0 3 
pp 1.476748   14.999538   1.625997   33.145081   40.481827   13.105749   3.318032   18.097393   0.835182   0 4 
pp 1.476748   14.999538   1.625997   33.145081   40.481827   13.105749   3.318032   18.097393   0.835182   1 4 
pp 1.476748   14.999538   1.625997   33.145081   40.481827   13.105749   3.318032   18.097393   0.835182   0 6 
pp 2.636024   28.243265   1.625997   36.571255   127.654495   26.593920   3.498857   18.254448   0.835182   1 6 
pp 2.636024   28.243265   1.625997   36.571255   127.654495   26.593920   3.498857   18.254448   0.835182   0 7 
pp 9.985113   41.662537   5.632406   46.702675   239.004974   26.593920   8.443102   102.534523   0.835182   0 8 
pp 9.985113   41.662537   5.632406   46.702675   239.004974   26.593920   8.443102   102.534523   1.588557   1 8 
pp 10.493337   45.400604   5.632406   49.014030   306.347778   39.641449   12.239761   105.108215   1.588557   0 9 
pp 10.493337   45.400604   5.632406   49.014030   306.347778   39.641449   12.239761   105.108215   1.588557   1 9 
pp 10.493337   45.400604   5.632406   49.014030   306.347778   39.641449   12.239761   105.108215   1.588557   2 9 
pp 14.436235   50.781048   5.737341   50.467407   324.658997   40.815849   12.239761   106.553612   2.775608   0 10 
pp 14.436235   50.781048   5.737341   50.467407   324.658997   40.815849   12.239761   106.553612   2.775608   1 10 
pp 14.436235   50.781048   5.737341   52.331955   376.600769   40.815849   12.907797   112.262344   2.775608   0 11 
pp 14.436235   50.781048   5.737341   52.331955   376.600769   40.815849   12.907797   112.262344   2.775608   0 12 
pp 14.436235   52.235531   6.371247   52.412716   403.543091   40.815849   14.025133   112.262344   2.775608   1 12 
pp 14.436235   52.235531   6.371247   52.412716   403.543091   40.815849   14.025133   112.262344   2.775608   0 13 
pp 15.758177   64.513161   6.614949   60.507099   431.060669   40.847408   14.025133   115.772675   3.222275   1 13 
pp 18.642593   64.951759   6.614949   62.679504   457.139465   42.509567   15.528950   116.002876   4.115935   0 14 
pp 18.642593   64.951759   6.614949   62.679504   457.139465   42.509567   15.528950   116.002876   4.115935   1 14 
pp 18.642593   64.951759   6.614949   62.679504   457.139465   42.509567   15.528950   116.002876   4.115935   0 15 
pp 18.642593   64.951759   9.432908   62.679504   653.909119   44.155369   15.528950   116.002876   4.115935   1 15 
pp 18.642593   65.497452   9.432908   62.679504   681.803223   44.155369   15.528950   116.002876   4.115935   0 16 
pp 18.642593   66.934906   9.432908   62.679504   734.704834   44.155369   15.528950   116.002876   4.115935   0 17 
pp 18.642593   66.934906   9.432908   62.679504   734.704834   44.155369   15.528950   116.002876   4.115935   1 17 
pp 18.642593   73.368034   9.432908   62.679504   767.673218   45.978764   15.528950   116.222275   4.115935   0 18 
pp 18.642593   73.368034   9.432908   62.679504   767.673218   45.978764   15.528950   116.222275   4.115935   1 18 
pp 18.642593   73.368034   9.432908   62.679504   767.673218   45.978764   15.528950   116.222275   4.115935   0 19 
pp 20.499825   75.272095   9.432908   63.187218   783.524292   47.044312   15.528950   118.706802   4.115935   1 19 
pp 20.499825   76.529037   9.432908   63.736347   837.692627   62.357162   15.528950   118.706802   5.574910   0 20 
pp 20.499825   76.529037   9.432908   63.736347   837.692627   62.357162   15.528950   118.706802   5.574910   1 20 
pp 20.783653   77.830055   9.432908   65.708649   881.489868   67.513054   15.528950   120.042030   5.574910   0 21 
pp 20.783653   77.830055   9.432908   65.708649   881.489868   67.513054   15.528950   120.042030   5.574910   1 21 
pp 20.783653   78.615562   12.293246   65.708649   954.778503   67.513054   15.528950   122.327736   5.574910   0 22 
pp 20.783653   83.515015   34.342827   82.851082   974.346497   115.123970   15.528950   129.988693   7.246767   0 23 
pp 20.783653   83.515015   34.342827   82.851082   974.346497   115.123970   15.528950   129.988693   7.246767   0 24 
pp 20.783653   96.991730   35.450157   90.887993   1026.497314   117.740288   21.222763   133.176331   7.246767   0 25 
pp 20.783653   96.991730   35.450157   90.887993   1285.302368   122.906342   22.099792   147.582687   9.766996   0 26 
pp 20.783653   96.991730   35.450157   90.887993   1285.302368   122.906342   22.099792   147.582687   9.766996   1 26 
pp 20.783653   96.991730   35.450157   90.887993   1285.302368   122.906342   22.099792   147.582687   12.069237   0 28 
pp 32.016731   105.463188   47.654068   91.374313   1351.115967   137.534546   22.099792   154.620865   15.491976   0 29 
pp 33.309929   105.581184   47.654068   94.176491   1402.309814   140.237183   22.099792   154.620865   15.845124   0 30 
pp 33.309929   105.581184   47.654068   94.176491   1402.309814   140.237183   22.099792   154.620865   15.845124   1 30 
pp 33.309929   105.581184   47.654068   94.176491   1402.309814   140.237183   22.099792   154.620865   15.845124   0 31 
pp 35.935349   107.431229   47.654068   98.113464   1417.616089   140.906052   22.710352   158.348892   16.785732   1 31 
pp 36.941235   110.247940   49.565735   122.752190   1484.904175   156.078293   41.580574   183.396561   16.785732   0 32 
pp 36.941235   110.247940   49.565735   122.752190   1484.904175   156.078293   41.580574   183.396561   16.785732   1 32 
pp 36.941235   110.247940   49.565735   122.752190   1484.904175   156.078293   41.580574   183.396561   16.785732   0 33 
pp 36.941235   110.629547   51.726185   124.363815   1504.002075   156.576050   42.870033   183.492126   16.785732   1 33 
pp 36.941235   110.629547   51.726185   125.105690   1523.725708   170.739471   44.000904   187.636856   17.685158   0 34 
pp 42.391815   111.478668   51.726185   128.703354   1565.557983   174.742203   44.000904   193.885193   24.745687   1 34 
pp 42.391815   111.478668   51.726185   128.703354   1565.557983   174.742203   44.000904   193.885193   24.745687   0 35 
pp 42.391815   111.478668   51.726185   128.703354   1565.557983   174.742203   44.000904   193.885193   24.745687   0 36 
pp 42.391815   111.478668   51.726185   128.703354   1565.557983   174.742203   44.000904   193.885193   24.745687   0 37 
pp 42.391815   117.325195   53.205902   133.421158   1605.954590   176.276276   44.296318   194.322693   26.471344   1 37 
pp 42.391815   117.325195   53.205902   133.421158   1605.954590   176.276276   44.296318   194.322693   26.471344   0 38 
pp 42.391815   117.325195   60.028633   135.438660   1762.159424   176.276276   44.580940   207.083984   26.471344   1 38 
pp 42.976315   127.882019   60.028633   135.438660   1814.356079   177.571030   44.580940   228.520432   29.047045   0 39 
pp 42.976315   127.882019   60.028633   135.438660   1814.356079   177.571030   44.580940   228.520432   29.047045   0 40 
pp 47.045364   127.882019   64.058823   147.757751   1878.573975   178.654022   44.580940   233.697250   32.057968   1 40 
pp 47.045364   127.882019   64.058823   147.757751   1878.573975   178.654022   44.580940   233.697250   32.057968   2 40 
pp 47.045364   127.882019   64.058823   147.757751   1878.573975   178.654022   44.580940   233.697250   32.057968   0 41 
pp 47.045364   135.515533   64.058823   147.757751   1983.006958   178.654022   44.580940   241.926575   32.057968   0 42 
pp 47.045364   135.515533   64.058823   147.757751   1983.006958   178.654022   44.580940   241.926575   32.057968   1 42 
pp 47.045364   135.515533   64.058823   147.757751   1983.006958   178.654022   44.580940   241.926575   32.057968   0 43 
pp 47.376194   135.770355   66.264633   147.757751   2006.161987   178.654022   44.580940   243.099197   32.057968   0 44 
pp 47.376194   135.770355   66.264633   147.757751   2006.161987   178.654022   44.580940   243.890640   32.057968   0 45 
pp 47.617767   142.305710   67.348618   161.521240   2065.198486   186.293991   54.352440   244.725754   34.900467   0 46 
pp 47.617767   142.305710   67.348618   161.521240   2065.198486   186.293991   54.352440   244.725754   34.900467   1 46 
pp 47.617767   142.305710   67.348618   161.521240   2065.198486   186.293991   54.352440   244.725754   34.900467   2 46 
pp 52.905426   142.305710   68.807510   162.295609   2094.965820   190.541321   59.988014   248.291458   34.900467   0 47 
pp 54.639435   172.394806   72.106651   177.370758   2194.348145   215.612732   59.988014   252.912216   41.901070   0 48 
pp 54.639435   172.394806   72.106651   213.800018   2608.079346   220.183426   70.719345   252.912216   45.471611   0 49 
pp 56.714153   179.564789   72.106651   215.222046   2639.774414   227.749557   70.719345   258.509247   56.756119   0 50 
pp 56.714153   179.564789   72.106651   215.222046   2639.774414   227.749557   70.719345   258.509247   56.756119   1 50 
pp 56.714153   179.564789   72.106651   215.222046   2639.774414   227.749557   70.719345   258.509247   56.756119   0 51 
pp 56.714153   179.564789   72.106651   215.961029   2666.801025   227.749557   71.216240   258.876190   56.756119   1 51 
pp 56.714153   179.564789   72.106651   215.961029   2666.801025   227.749557   71.216240   258.876190   56.756119   0 52 
pp 57.122040   182.116714   72.543983   222.615799   2691.711914   232.784851   71.851944   260.453003   57.711266   1 52 
pp 57.122040   182.116714   72.543983   222.615799   2691.711914   232.784851   71.851944   260.453003   57.711266   0 53 
pp 57.122040   184.895630   74.498848   226.956268   2740.660889   233.138748   73.385002   262.351715   64.537430   1 53 
pp 82.864471   184.895630   74.498848   235.706116   2843.900391   233.138748   73.385002   262.351715   64.537430   0 54 
pp 82.864471   184.895630   74.498848   235.706116   2843.900391   233.138748   73.385002   262.351715   64.537430   0 55 
pp 82.864471   184.895630   74.498848   235.706116   2843.900391   233.138748   73.385002   262.351715   64.537430   0 56 
pp 82.864471   184.895630   74.498848   235.706116   2843.900391   233.138748   73.385002   262.351715   64.537430   0 57 
pp 89.523140   187.348373   74.498848   250.118561   2948.480713   245.171448   73.385002   283.522400   64.537430   0 58 
pp 93.459694   213.134354   74.498848   259.040131   3109.225342   256.115295   73.385002   284.098450   70.671310   0 59 
pp 93.459694   221.395096   74.498848   264.976288   3137.154053   261.815186   76.500450   284.098450   70.671310   0 60 
pp 93.459694   226.974243   85.482147   270.944550   3319.654541   261.815186   78.923248   287.099243   70.671310   0 61 
pp 93.459694   226.974243   85.482147   270.944550   3319.654541   261.815186   78.923248   287.099243   70.671310   1 61 
pp 93.459694   226.974243   85.482147   270.944550   3319.654541   261.815186   78.923248   287.099243   70.671310   0 63 
pp 93.459694   234.294525   86.095253   270.944550   3366.900879   271.186951   78.923248   290.574829   70.671310   0 64 
pp 98.204895   239.763351   88.450836   276.799072   3474.716064   277.287720   79.457306   292.734070   70.671310   0 65 
pp 98.204895   239.763351   88.450836   276.799072   3474.716064   277.287720   79.457306   292.734070   70.671310   0 67 
pp 98.204895   239.763351   88.450836   276.799072   3474.716064   277.287720   79.457306   292.734070   70.671310   0 68 
pp 98.204895   239.763351   88.660591   277.431549   3741.869629   277.287720   79.457306   292.734070   70.671310   1 68 
pp 98.204895   239.763351   88.660591   296.016479   4047.400635   295.799194   79.457306   292.734070   70.671310   0 69 
pp 98.204895   239.763351   88.660591   296.016479   4047.400635   295.799194   79.457306   292.734070   70.671310   1 69 
pp 98.204895   239.763351   88.660591   296.016479   4047.400635   295.799194   79.457306   292.734070   70.671310   0 70 
pp 99.068130   239.763351   88.660591   296.016479   4047.400635   295.799194   79.457306   292.734070   70.671310   1 70 
pp 102.038017   240.414108   90.459602   299.559052   4057.929688   301.775787   82.766235   300.183136   72.949226   0 71 
pp 102.038017   240.414108   90.459602   299.559052   4057.929688   301.775787   82.766235   300.183136   72.949226   0 72 
pp 104.252052   240.574478   90.459602   301.573364   4095.070068   304.551483   83.521362   300.856445   72.949226   0 73 
pp 104.252052   240.574478   90.459602   301.573364   4095.070068   304.551483   83.521362   300.856445   72.949226   1 73 
pp 104.252052   240.574478   90.459602   301.573364   4095.070068   304.551483   83.521362   300.856445   72.949226   0 74 
pp 106.633247   250.686554   90.459602   303.337097   4097.083008   307.760742   84.362556   315.515533   74.496239   1 74 
pp 106.633247   250.686554   90.459602   303.337097   4097.083008   307.760742   84.362556   315.515533   74.496239   0 75 
pp 106.633247   252.606155   91.342194   303.337097   4129.381348   308.122742   84.886589   315.515533   74.496239   1 75 
pp 107.018150   262.587280   91.342194   304.555786   4179.664551   311.928314   88.245071   326.911499   76.530487   0 76 
pp 107.018150   262.587280   91.342194   304.555786   4179.664551   311.928314   88.245071   326.911499   76.530487   1 76 
pp 107.018150   262.587280   91.342194   304.555786   4179.664551   311.928314   88.245071   326.911499   76.530487   0 77 
pp 109.028130   263.569092   91.342194   305.247559   4213.822266   319.042572   89.247528   333.542877   76.886696   0 78 
pp 109.028130   263.569092   91.342194   305.247559   4213.822266   319.042572   89.247528   334.511261   76.886696   0 79 
pp 109.028130   271.065186   91.342194   307.230560   4220.946289   323.102264   89.774796   335.976562   80.252518   1 79 
pp 109.028130   274.298920   91.342194   307.230560   4301.149414   323.102264   89.774796   336.766724   82.491394   0 80 
pp 109.028130   274.298920   91.342194   307.230560   4301.149414   323.102264   89.774796   336.766724   82.491394   1 80 
pp 109.028130   274.298920   91.342194   307.230560   4301.149414   323.102264   89.774796   336.766724   82.491394   0 82 
pp 109.028130   274.298920   91.342194   307.230560   4301.149414   323.102264   89.774796   336.766724   82.491394   0 83 
pp 109.028130   274.298920   91.342194   307.230560   4502.320312   337.783112   89.774796   336.766724   82.491394   1 83 
pp 109.028130   274.298920   91.342194   307.230560   4502.320312   337.783112   89.774796   336.766724   82.491394   0 85 
pp 109.716209   298.387817   91.342194   318.736053   4535.926758   354.043945   97.753517   336.766724   102.552177   0 86 
pp 118.800850   298.387817   91.342194   326.878723   4539.971680   354.043945   101.065041   350.569244   107.374336   1 86 
pp 118.800850   298.387817   91.342194   326.878723   4539.971680   354.043945   101.065041   350.569244   107.374336   0 87 
pp 118.800850   298.387817   91.342194   326.878723   4539.971680   354.043945   101.065041   350.569244   107.374336   0 90 
pp 121.544533   300.566681   91.342194   336.324219   4565.874023   359.212433   101.065041   350.569244   107.464340   0 91 
pp 121.544533   302.041840   91.342194   336.324219   4593.453125   360.657806   103.011017   351.018158   107.464340   0 92 
pp 121.544533   302.041840   91.342194   336.324219   4593.453125   360.657806   103.011017   351.018158   107.464340   1 92 
pp 121.544533   302.041840   91.342194   336.324219   4593.453125   360.657806   103.011017   351.018158   107.464340   0 93 
pp 121.544533   303.081451   91.342194   336.324219   4641.324219   362.702759   104.136284   351.340302   107.464340   1 93 
pp 121.544533   303.081451   91.342194   336.324219   4641.324219   362.702759   104.136284   351.340302   107.464340   0 94 
pp 121.544533   312.772614   91.342194   345.168976   4735.115723   362.702759   104.136284   358.256439   107.464340   1 94 
pp 121.544533   321.065826   98.732536   351.683594   4852.148926   366.408142   106.306061   362.304810   107.711670   0 95 
pp 121.544533   321.065826   98.732536   351.683594   4852.148926   366.408142   106.306061   362.304810   107.711670   1 95 
pp 121.544533   324.753265   98.732536   351.683594   4873.404297   368.577728   106.306061   364.240997   107.842026   2 95 
pp 122.281578   330.816833   101.873085   353.343079   4931.150391   372.124969   106.306061   364.240997   113.128326   0 96 
pp 122.281578   330.816833   101.873085   353.343079   4931.150391   372.124969   106.306061   364.240997   113.128326   1 96 
pp 122.281578   330.816833   101.873085   353.343079   4931.150391   372.124969   106.306061   364.240997   113.128326   0 97 
pp 122.281578   330.816833   101.873085   353.343079   4945.531738   377.693298   106.306061   364.240997   115.235313   1 97 
pp 124.045380   341.417328   105.331131   356.820160   5060.035645   423.275909   106.306061   367.264252   119.639488   0 98 
