UniformDecoy 0.111111   0.111111   0.111111   0.111111   0.111111   0.111111   0.111111   0.111111   0.111111   0 0 
UniformDecoy 0.111111   0.111111   0.111111   0.111111   0.111111   0.111111   0.111111   0.111111   0.111111   1 0 
UniformDecoy 0.111111   0.111111   0.111111   0.111111   0.111111   0.111111   0.111111   0.111111   0.111111   2 0 
UniformDecoy 0.111111   0.111111   0.111111   0.111111   0.111111   0.111111   0.111111   0.111111   0.111111   3 0 
UniformDecoy 0.111111   0.111111   0.111111   0.111111   0.111111   0.111111   0.111111   0.111111   0.111111   4 0 
UniformDecoy 0.111111   0.111111   0.111111   0.111111   0.111111   0.111111   0.111111   0.111111   0.111111   5 0 
UniformDecoy 0.111111   0.111111   0.111111   0.111111   0.111111   0.111111   0.111111   0.111111   0.111111   6 0 
UniformDecoy 0.111111   0.111111   0.111111   0.111111   0.111111   0.111111   0.111111   0.111111   0.111111   7 0 
UniformDecoy 0.111111   0.111111   0.111111   0.111111   0.111111   0.111111   0.111111   0.111111   0.111111   8 0 
UniformDecoy 0.111111   0.111111   0.111111   0.111111   0.111111   0.111111   0.111111   0.111111   0.111111   9 0 
UniformDecoy 0.111111   0.111111   0.111111   0.111111   0.111111   0.111111   0.111111   0.111111   0.111111   10 0 
UniformDecoy 0.111111   0.111111   0.111111   0.111111   0.111111   0.111111   0.111111   0.111111   0.111111   11 0 
UniformDecoy 0.111111   0.111111   0.111111   0.111111   0.111111   0.111111   0.111111   0.111111   0.111111   12 0 
UniformDecoy 0.111111   0.111111   0.111111   0.111111   0.111111   0.111111   0.111111   0.111111   0.111111   13 0 
UniformDecoy 0.111111   0.111111   0.111111   0.111111   0.111111   0.111111   0.111111   0.111111   0.111111   14 0 
UniformDecoy 0.111111   0.111111   0.111111   0.111111   0.111111   0.111111   0.111111   0.111111   0.111111   15 0 
UniformDecoy 0.111111   0.111111   0.111111   0.111111   0.111111   0.111111   0.111111   0.111111   0.111111   16 0 
UniformDecoy 0.111111   0.111111   0.111111   0.111111   0.111111   0.111111   0.111111   0.111111   0.111111   17 0 
UniformDecoy 0.111111   0.111111   0.111111   0.111111   0.111111   0.111111   0.111111   0.111111   0.111111   18 0 
UniformDecoy 0.111111   0.111111   0.111111   0.111111   0.111111   0.111111   0.111111   0.111111   0.111111   19 0 
UniformDecoy 0.111111   0.111111   0.111111   0.111111   0.111111   0.111111   0.111111   0.111111   0.111111   20 0 
UniformDecoy 0.111111   0.111111   0.111111   0.111111   0.111111   0.111111   0.111111   0.111111   0.111111   21 0 
UniformDecoy 0.111111   0.111111   0.111111   0.111111   0.111111   0.111111   0.111111   0.111111   0.111111   22 0 
UniformDecoy 0.111111   0.111111   0.111111   0.111111   0.111111   0.111111   0.111111   0.111111   0.111111   23 0 
UniformDecoy 0.111111   0.111111   0.111111   0.111111   0.111111   0.111111   0.111111   0.111111   0.111111   24 0 
UniformDecoy 0.111111   0.111111   0.111111   0.111111   0.111111   0.111111   0.111111   0.111111   0.111111   25 0 
UniformDecoy 0.111111   0.111111   0.111111   0.111111   0.111111   0.111111   0.111111   0.111111   0.111111   26 0 
UniformDecoy 0.111111   0.111111   0.111111   0.111111   0.111111   0.111111   0.111111   0.111111   0.111111   27 0 
UniformDecoy 0.111111   0.111111   0.111111   0.111111   0.111111   0.111111   0.111111   0.111111   0.111111   28 0 
UniformDecoy 0.111111   0.111111   0.111111   0.111111   0.111111   0.111111   0.111111   0.111111   0.111111   29 0 
UniformDecoy 0.111111   0.111111   0.111111   0.111111   0.111111   0.111111   0.111111   0.111111   0.111111   30 0 
UniformDecoy 0.111111   0.111111   0.111111   0.111111   0.111111   0.111111   0.111111   0.111111   0.111111   31 0 
UniformDecoy 0.111111   0.111111   0.111111   0.111111   0.111111   0.111111   0.111111   0.111111   0.111111   32 0 
UniformDecoy 0.111111   0.111111   0.111111   0.111111   0.111111   0.111111   0.111111   0.111111   0.111111   33 0 
UniformDecoy 0.111111   0.111111   0.111111   0.111111   0.111111   0.111111   0.111111   0.111111   0.111111   34 0 
UniformDecoy 0.111111   0.111111   0.111111   0.111111   0.111111   0.111111   0.111111   0.111111   0.111111   35 0 
UniformDecoy 0.111111   0.111111   0.111111   0.111111   0.111111   0.111111   0.111111   0.111111   0.111111   36 0 
UniformDecoy 0.111111   0.111111   0.111111   0.111111   0.111111   0.111111   0.111111   0.111111   0.111111   37 0 
UniformDecoy 0.111111   0.111111   0.111111   0.111111   0.111111   0.111111   0.111111   0.111111   0.111111   38 0 
UniformDecoy 0.111111   0.111111   0.111111   0.111111   0.111111   0.111111   0.111111   0.111111   0.111111   39 0 
UniformDecoy 0.111111   0.111111   0.111111   0.111111   0.111111   0.111111   0.111111   0.111111   0.111111   40 0 
UniformDecoy 0.111111   0.111111   0.111111   0.111111   0.111111   0.111111   0.111111   0.111111   0.111111   41 0 
UniformDecoy 0.111111   0.111111   0.111111   0.111111   0.111111   0.111111   0.111111   0.111111   0.111111   42 0 
UniformDecoy 0.111111   0.111111   0.111111   0.111111   0.111111   0.111111   0.111111   0.111111   0.111111   43 0 
UniformDecoy 0.111111   0.111111   0.111111   0.111111   0.111111   0.111111   0.111111   0.111111   0.111111   44 0 
UniformDecoy 0.111111   0.111111   0.111111   0.111111   0.111111   0.111111   0.111111   0.111111   0.111111   45 0 
UniformDecoy 0.111111   0.111111   0.111111   0.111111   0.111111   0.111111   0.111111   0.111111   0.111111   46 0 
UniformDecoy 0.111111   0.111111   0.111111   0.111111   0.111111   0.111111   0.111111   0.111111   0.111111   47 0 
UniformDecoy 0.111111   0.111111   0.111111   0.111111   0.111111   0.111111   0.111111   0.111111   0.111111   48 0 
UniformDecoy 0.111111   0.111111   0.111111   0.111111   0.111111   0.111111   0.111111   0.111111   0.111111   49 0 
UniformDecoy 0.111111   0.111111   0.111111   0.111111   0.111111   0.111111   0.111111   0.111111   0.111111   0 1 
UniformDecoy 0.111111   0.111111   0.111111   0.111111   0.111111   0.111111   0.111111   0.111111   0.111111   1 1 
UniformDecoy 0.111111   0.111111   0.111111   0.111111   0.111111   0.111111   0.111111   0.111111   0.111111   2 1 
UniformDecoy 0.111111   0.111111   0.111111   0.111111   0.111111   0.111111   0.111111   0.111111   0.111111   3 1 
UniformDecoy 0.111111   0.111111   0.111111   0.111111   0.111111   0.111111   0.111111   0.111111   0.111111   4 1 
UniformDecoy 0.111111   0.111111   0.111111   0.111111   0.111111   0.111111   0.111111   0.111111   0.111111   5 1 
UniformDecoy 0.111111   0.111111   0.111111   0.111111   0.111111   0.111111   0.111111   0.111111   0.111111   6 1 
UniformDecoy 0.111111   0.111111   0.111111   0.111111   0.111111   0.111111   0.111111   0.111111   0.111111   7 1 
UniformDecoy 0.111111   0.111111   0.111111   0.111111   0.111111   0.111111   0.111111   0.111111   0.111111   8 1 
UniformDecoy 0.111111   0.111111   0.111111   0.111111   0.111111   0.111111   0.111111   0.111111   0.111111   9 1 
UniformDecoy 0.111111   0.111111   0.111111   0.111111   0.111111   0.111111   0.111111   0.111111   0.111111   10 1 
UniformDecoy 0.111111   0.111111   0.111111   0.111111   0.111111   0.111111   0.111111   0.111111   0.111111   11 1 
UniformDecoy 0.111111   0.111111   0.111111   0.111111   0.111111   0.111111   0.111111   0.111111   0.111111   12 1 
UniformDecoy 0.111111   0.111111   0.111111   0.111111   0.111111   0.111111   0.111111   0.111111   0.111111   13 1 
UniformDecoy 0.111111   0.111111   0.111111   0.111111   0.111111   0.111111   0.111111   0.111111   0.111111   14 1 
UniformDecoy 0.111111   0.111111   0.111111   0.111111   0.111111   0.111111   0.111111   0.111111   0.111111   15 1 
UniformDecoy 0.111111   0.111111   0.111111   0.111111   0.111111   0.111111   0.111111   0.111111   0.111111   16 1 
UniformDecoy 0.111111   0.111111   0.111111   0.111111   0.111111   0.111111   0.111111   0.111111   0.111111   17 1 
UniformDecoy 0.111111   0.111111   0.111111   0.111111   0.111111   0.111111   0.111111   0.111111   0.111111   18 1 
UniformDecoy 0.111111   0.111111   0.111111   0.111111   0.111111   0.111111   0.111111   0.111111   0.111111   19 1 
UniformDecoy 0.111111   0.111111   0.111111   0.111111   0.111111   0.111111   0.111111   0.111111   0.111111   20 1 
UniformDecoy 0.111111   0.111111   0.111111   0.111111   0.111111   0.111111   0.111111   0.111111   0.111111   21 1 
UniformDecoy 0.111111   0.111111   0.111111   0.111111   0.111111   0.111111   0.111111   0.111111   0.111111   22 1 
UniformDecoy 0.111111   0.111111   0.111111   0.111111   0.111111   0.111111   0.111111   0.111111   0.111111   23 1 
UniformDecoy 0.111111   0.111111   0.111111   0.111111   0.111111   0.111111   0.111111   0.111111   0.111111   24 1 
UniformDecoy 0.111111   0.111111   0.111111   0.111111   0.111111   0.111111   0.111111   0.111111   0.111111   25 1 
UniformDecoy 0.111111   0.111111   0.111111   0.111111   0.111111   0.111111   0.111111   0.111111   0.111111   26 1 
UniformDecoy 0.111111   0.111111   0.111111   0.111111   0.111111   0.111111   0.111111   0.111111   0.111111   27 1 
UniformDecoy 0.111111   0.111111   0.111111   0.111111   0.111111   0.111111   0.111111   0.111111   0.111111   28 1 
UniformDecoy 0.111111   0.111111   0.111111   0.111111   0.111111   0.111111   0.111111   0.111111   0.111111   29 1 
UniformDecoy 0.111111   0.111111   0.111111   0.111111   0.111111   0.111111   0.111111   0.111111   0.111111   30 1 
UniformDecoy 0.111111   0.111111   0.111111   0.111111   0.111111   0.111111   0.111111   0.111111   0.111111   31 1 
UniformDecoy 0.111111   0.111111   0.111111   0.111111   0.111111   0.111111   0.111111   0.111111   0.111111   32 1 
UniformDecoy 0.111111   0.111111   0.111111   0.111111   0.111111   0.111111   0.111111   0.111111   0.111111   33 1 
UniformDecoy 0.111111   0.111111   0.111111   0.111111   0.111111   0.111111   0.111111   0.111111   0.111111   34 1 
UniformDecoy 0.111111   0.111111   0.111111   0.111111   0.111111   0.111111   0.111111   0.111111   0.111111   35 1 
UniformDecoy 0.111111   0.111111   0.111111   0.111111   0.111111   0.111111   0.111111   0.111111   0.111111   36 1 
UniformDecoy 0.111111   0.111111   0.111111   0.111111   0.111111   0.111111   0.111111   0.111111   0.111111   37 1 
UniformDecoy 0.111111   0.111111   0.111111   0.111111   0.111111   0.111111   0.111111   0.111111   0.111111   38 1 
UniformDecoy 0.111111   0.111111   0.111111   0.111111   0.111111   0.111111   0.111111   0.111111   0.111111   39 1 
UniformDecoy 0.111111   0.111111   0.111111   0.111111   0.111111   0.111111   0.111111   0.111111   0.111111   40 1 
UniformDecoy 0.111111   0.111111   0.111111   0.111111   0.111111   0.111111   0.111111   0.111111   0.111111   41 1 
UniformDecoy 0.111111   0.111111   0.111111   0.111111   0.111111   0.111111   0.111111   0.111111   0.111111   42 1 
UniformDecoy 0.111111   0.111111   0.111111   0.111111   0.111111   0.111111   0.111111   0.111111   0.111111   43 1 
UniformDecoy 0.111111   0.111111   0.111111   0.111111   0.111111   0.111111   0.111111   0.111111   0.111111   44 1 
UniformDecoy 0.111111   0.111111   0.111111   0.111111   0.111111   0.111111   0.111111   0.111111   0.111111   45 1 
UniformDecoy 0.111111   0.111111   0.111111   0.111111   0.111111   0.111111   0.111111   0.111111   0.111111   46 1 
UniformDecoy 0.111111   0.111111   0.111111   0.111111   0.111111   0.111111   0.111111   0.111111   0.111111   47 1 
UniformDecoy 0.111111   0.111111   0.111111   0.111111   0.111111   0.111111   0.111111   0.111111   0.111111   48 1 
UniformDecoy 0.111111   0.111111   0.111111   0.111111   0.111111   0.111111   0.111111   0.111111   0.111111   49 1 
UniformDecoy 0.111111   0.111111   0.111111   0.111111   0.111111   0.111111   0.111111   0.111111   0.111111   0 2 
UniformDecoy 0.111111   0.111111   0.111111   0.111111   0.111111   0.111111   0.111111   0.111111   0.111111   1 2 
UniformDecoy 0.111111   0.111111   0.111111   0.111111   0.111111   0.111111   0.111111   0.111111   0.111111   2 2 
UniformDecoy 0.111111   0.111111   0.111111   0.111111   0.111111   0.111111   0.111111   0.111111   0.111111   3 2 
UniformDecoy 0.111111   0.111111   0.111111   0.111111   0.111111   0.111111   0.111111   0.111111   0.111111   4 2 
UniformDecoy 0.111111   0.111111   0.111111   0.111111   0.111111   0.111111   0.111111   0.111111   0.111111   5 2 
UniformDecoy 0.111111   0.111111   0.111111   0.111111   0.111111   0.111111   0.111111   0.111111   0.111111   6 2 
UniformDecoy 0.111111   0.111111   0.111111   0.111111   0.111111   0.111111   0.111111   0.111111   0.111111   7 2 
UniformDecoy 0.111111   0.111111   0.111111   0.111111   0.111111   0.111111   0.111111   0.111111   0.111111   8 2 
UniformDecoy 0.111111   0.111111   0.111111   0.111111   0.111111   0.111111   0.111111   0.111111   0.111111   9 2 
UniformDecoy 0.111111   0.111111   0.111111   0.111111   0.111111   0.111111   0.111111   0.111111   0.111111   10 2 
UniformDecoy 0.111111   0.111111   0.111111   0.111111   0.111111   0.111111   0.111111   0.111111   0.111111   11 2 
UniformDecoy 0.111111   0.111111   0.111111   0.111111   0.111111   0.111111   0.111111   0.111111   0.111111   12 2 
UniformDecoy 0.111111   0.111111   0.111111   0.111111   0.111111   0.111111   0.111111   0.111111   0.111111   13 2 
UniformDecoy 0.111111   0.111111   0.111111   0.111111   0.111111   0.111111   0.111111   0.111111   0.111111   14 2 
UniformDecoy 0.111111   0.111111   0.111111   0.111111   0.111111   0.111111   0.111111   0.111111   0.111111   15 2 
UniformDecoy 0.111111   0.111111   0.111111   0.111111   0.111111   0.111111   0.111111   0.111111   0.111111   16 2 
UniformDecoy 0.111111   0.111111   0.111111   0.111111   0.111111   0.111111   0.111111   0.111111   0.111111   17 2 
UniformDecoy 0.111111   0.111111   0.111111   0.111111   0.111111   0.111111   0.111111   0.111111   0.111111   18 2 
UniformDecoy 0.111111   0.111111   0.111111   0.111111   0.111111   0.111111   0.111111   0.111111   0.111111   19 2 
UniformDecoy 0.111111   0.111111   0.111111   0.111111   0.111111   0.111111   0.111111   0.111111   0.111111   20 2 
UniformDecoy 0.111111   0.111111   0.111111   0.111111   0.111111   0.111111   0.111111   0.111111   0.111111   21 2 
UniformDecoy 0.111111   0.111111   0.111111   0.111111   0.111111   0.111111   0.111111   0.111111   0.111111   22 2 
UniformDecoy 0.111111   0.111111   0.111111   0.111111   0.111111   0.111111   0.111111   0.111111   0.111111   23 2 
UniformDecoy 0.111111   0.111111   0.111111   0.111111   0.111111   0.111111   0.111111   0.111111   0.111111   24 2 
UniformDecoy 0.111111   0.111111   0.111111   0.111111   0.111111   0.111111   0.111111   0.111111   0.111111   25 2 
UniformDecoy 0.111111   0.111111   0.111111   0.111111   0.111111   0.111111   0.111111   0.111111   0.111111   26 2 
UniformDecoy 0.111111   0.111111   0.111111   0.111111   0.111111   0.111111   0.111111   0.111111   0.111111   27 2 
UniformDecoy 0.111111   0.111111   0.111111   0.111111   0.111111   0.111111   0.111111   0.111111   0.111111   28 2 
UniformDecoy 0.111111   0.111111   0.111111   0.111111   0.111111   0.111111   0.111111   0.111111   0.111111   29 2 
UniformDecoy 0.111111   0.111111   0.111111   0.111111   0.111111   0.111111   0.111111   0.111111   0.111111   30 2 
UniformDecoy 0.111111   0.111111   0.111111   0.111111   0.111111   0.111111   0.111111   0.111111   0.111111   31 2 
UniformDecoy 0.111111   0.111111   0.111111   0.111111   0.111111   0.111111   0.111111   0.111111   0.111111   32 2 
UniformDecoy 0.111111   0.111111   0.111111   0.111111   0.111111   0.111111   0.111111   0.111111   0.111111   33 2 
UniformDecoy 0.111111   0.111111   0.111111   0.111111   0.111111   0.111111   0.111111   0.111111   0.111111   34 2 
UniformDecoy 0.111111   0.111111   0.111111   0.111111   0.111111   0.111111   0.111111   0.111111   0.111111   35 2 
UniformDecoy 0.111111   0.111111   0.111111   0.111111   0.111111   0.111111   0.111111   0.111111   0.111111   36 2 
UniformDecoy 0.111111   0.111111   0.111111   0.111111   0.111111   0.111111   0.111111   0.111111   0.111111   37 2 
UniformDecoy 0.111111   0.111111   0.111111   0.111111   0.111111   0.111111   0.111111   0.111111   0.111111   38 2 
UniformDecoy 0.111111   0.111111   0.111111   0.111111   0.111111   0.111111   0.111111   0.111111   0.111111   39 2 
UniformDecoy 0.111111   0.111111   0.111111   0.111111   0.111111   0.111111   0.111111   0.111111   0.111111   40 2 
UniformDecoy 0.111111   0.111111   0.111111   0.111111   0.111111   0.111111   0.111111   0.111111   0.111111   41 2 
UniformDecoy 0.111111   0.111111   0.111111   0.111111   0.111111   0.111111   0.111111   0.111111   0.111111   42 2 
UniformDecoy 0.111111   0.111111   0.111111   0.111111   0.111111   0.111111   0.111111   0.111111   0.111111   43 2 
UniformDecoy 0.111111   0.111111   0.111111   0.111111   0.111111   0.111111   0.111111   0.111111   0.111111   44 2 
UniformDecoy 0.111111   0.111111   0.111111   0.111111   0.111111   0.111111   0.111111   0.111111   0.111111   45 2 
UniformDecoy 0.111111   0.111111   0.111111   0.111111   0.111111   0.111111   0.111111   0.111111   0.111111   46 2 
UniformDecoy 0.111111   0.111111   0.111111   0.111111   0.111111   0.111111   0.111111   0.111111   0.111111   47 2 
UniformDecoy 0.111111   0.111111   0.111111   0.111111   0.111111   0.111111   0.111111   0.111111   0.111111   48 2 
UniformDecoy 0.111111   0.111111   0.111111   0.111111   0.111111   0.111111   0.111111   0.111111   0.111111   49 2 
UniformDecoy 0.111111   0.111111   0.111111   0.111111   0.111111   0.111111   0.111111   0.111111   0.111111   0 3 
UniformDecoy 0.111111   0.111111   0.111111   0.111111   0.111111   0.111111   0.111111   0.111111   0.111111   1 3 
UniformDecoy 0.111111   0.111111   0.111111   0.111111   0.111111   0.111111   0.111111   0.111111   0.111111   2 3 
UniformDecoy 0.111111   0.111111   0.111111   0.111111   0.111111   0.111111   0.111111   0.111111   0.111111   3 3 
UniformDecoy 0.111111   0.111111   0.111111   0.111111   0.111111   0.111111   0.111111   0.111111   0.111111   4 3 
UniformDecoy 0.111111   0.111111   0.111111   0.111111   0.111111   0.111111   0.111111   0.111111   0.111111   5 3 
UniformDecoy 0.111111   0.111111   0.111111   0.111111   0.111111   0.111111   0.111111   0.111111   0.111111   6 3 
UniformDecoy 0.111111   0.111111   0.111111   0.111111   0.111111   0.111111   0.111111   0.111111   0.111111   7 3 
UniformDecoy 0.111111   0.111111   0.111111   0.111111   0.111111   0.111111   0.111111   0.111111   0.111111   8 3 
UniformDecoy 0.111111   0.111111   0.111111   0.111111   0.111111   0.111111   0.111111   0.111111   0.111111   9 3 
UniformDecoy 0.111111   0.111111   0.111111   0.111111   0.111111   0.111111   0.111111   0.111111   0.111111   10 3 
UniformDecoy 0.111111   0.111111   0.111111   0.111111   0.111111   0.111111   0.111111   0.111111   0.111111   11 3 
UniformDecoy 0.111111   0.111111   0.111111   0.111111   0.111111   0.111111   0.111111   0.111111   0.111111   12 3 
UniformDecoy 0.111111   0.111111   0.111111   0.111111   0.111111   0.111111   0.111111   0.111111   0.111111   13 3 
UniformDecoy 0.111111   0.111111   0.111111   0.111111   0.111111   0.111111   0.111111   0.111111   0.111111   14 3 
UniformDecoy 0.111111   0.111111   0.111111   0.111111   0.111111   0.111111   0.111111   0.111111   0.111111   15 3 
UniformDecoy 0.111111   0.111111   0.111111   0.111111   0.111111   0.111111   0.111111   0.111111   0.111111   16 3 
UniformDecoy 0.111111   0.111111   0.111111   0.111111   0.111111   0.111111   0.111111   0.111111   0.111111   17 3 
UniformDecoy 0.111111   0.111111   0.111111   0.111111   0.111111   0.111111   0.111111   0.111111   0.111111   18 3 
UniformDecoy 0.111111   0.111111   0.111111   0.111111   0.111111   0.111111   0.111111   0.111111   0.111111   19 3 
UniformDecoy 0.111111   0.111111   0.111111   0.111111   0.111111   0.111111   0.111111   0.111111   0.111111   20 3 
UniformDecoy 0.111111   0.111111   0.111111   0.111111   0.111111   0.111111   0.111111   0.111111   0.111111   21 3 
UniformDecoy 0.111111   0.111111   0.111111   0.111111   0.111111   0.111111   0.111111   0.111111   0.111111   22 3 
UniformDecoy 0.111111   0.111111   0.111111   0.111111   0.111111   0.111111   0.111111   0.111111   0.111111   23 3 
UniformDecoy 0.111111   0.111111   0.111111   0.111111   0.111111   0.111111   0.111111   0.111111   0.111111   24 3 
UniformDecoy 0.111111   0.111111   0.111111   0.111111   0.111111   0.111111   0.111111   0.111111   0.111111   25 3 
UniformDecoy 0.111111   0.111111   0.111111   0.111111   0.111111   0.111111   0.111111   0.111111   0.111111   26 3 
UniformDecoy 0.111111   0.111111   0.111111   0.111111   0.111111   0.111111   0.111111   0.111111   0.111111   27 3 
UniformDecoy 0.111111   0.111111   0.111111   0.111111   0.111111   0.111111   0.111111   0.111111   0.111111   28 3 
UniformDecoy 0.111111   0.111111   0.111111   0.111111   0.111111   0.111111   0.111111   0.111111   0.111111   29 3 
UniformDecoy 0.111111   0.111111   0.111111   0.111111   0.111111   0.111111   0.111111   0.111111   0.111111   30 3 
UniformDecoy 0.111111   0.111111   0.111111   0.111111   0.111111   0.111111   0.111111   0.111111   0.111111   31 3 
UniformDecoy 0.111111   0.111111   0.111111   0.111111   0.111111   0.111111   0.111111   0.111111   0.111111   32 3 
UniformDecoy 0.111111   0.111111   0.111111   0.111111   0.111111   0.111111   0.111111   0.111111   0.111111   33 3 
UniformDecoy 0.111111   0.111111   0.111111   0.111111   0.111111   0.111111   0.111111   0.111111   0.111111   34 3 
UniformDecoy 0.111111   0.111111   0.111111   0.111111   0.111111   0.111111   0.111111   0.111111   0.111111   35 3 
UniformDecoy 0.111111   0.111111   0.111111   0.111111   0.111111   0.111111   0.111111   0.111111   0.111111   36 3 
UniformDecoy 0.111111   0.111111   0.111111   0.111111   0.111111   0.111111   0.111111   0.111111   0.111111   37 3 
UniformDecoy 0.111111   0.111111   0.111111   0.111111   0.111111   0.111111   0.111111   0.111111   0.111111   38 3 
UniformDecoy 0.111111   0.111111   0.111111   0.111111   0.111111   0.111111   0.111111   0.111111   0.111111   39 3 
UniformDecoy 0.111111   0.111111   0.111111   0.111111   0.111111   0.111111   0.111111   0.111111   0.111111   40 3 
UniformDecoy 0.111111   0.111111   0.111111   0.111111   0.111111   0.111111   0.111111   0.111111   0.111111   41 3 
UniformDecoy 0.111111   0.111111   0.111111   0.111111   0.111111   0.111111   0.111111   0.111111   0.111111   42 3 
UniformDecoy 0.111111   0.111111   0.111111   0.111111   0.111111   0.111111   0.111111   0.111111   0.111111   43 3 
UniformDecoy 0.111111   0.111111   0.111111   0.111111   0.111111   0.111111   0.111111   0.111111   0.111111   44 3 
UniformDecoy 0.111111   0.111111   0.111111   0.111111   0.111111   0.111111   0.111111   0.111111   0.111111   45 3 
UniformDecoy 0.111111   0.111111   0.111111   0.111111   0.111111   0.111111   0.111111   0.111111   0.111111   46 3 
UniformDecoy 0.111111   0.111111   0.111111   0.111111   0.111111   0.111111   0.111111   0.111111   0.111111   47 3 
UniformDecoy 0.111111   0.111111   0.111111   0.111111   0.111111   0.111111   0.111111   0.111111   0.111111   48 3 
UniformDecoy 0.111111   0.111111   0.111111   0.111111   0.111111   0.111111   0.111111   0.111111   0.111111   49 3 
UniformDecoy 0.111111   0.111111   0.111111   0.111111   0.111111   0.111111   0.111111   0.111111   0.111111   0 4 
UniformDecoy 0.111111   0.111111   0.111111   0.111111   0.111111   0.111111   0.111111   0.111111   0.111111   1 4 
UniformDecoy 0.111111   0.111111   0.111111   0.111111   0.111111   0.111111   0.111111   0.111111   0.111111   2 4 
UniformDecoy 0.111111   0.111111   0.111111   0.111111   0.111111   0.111111   0.111111   0.111111   0.111111   3 4 
UniformDecoy 0.111111   0.111111   0.111111   0.111111   0.111111   0.111111   0.111111   0.111111   0.111111   4 4 
UniformDecoy 0.111111   0.111111   0.111111   0.111111   0.111111   0.111111   0.111111   0.111111   0.111111   5 4 
UniformDecoy 0.111111   0.111111   0.111111   0.111111   0.111111   0.111111   0.111111   0.111111   0.111111   6 4 
UniformDecoy 0.111111   0.111111   0.111111   0.111111   0.111111   0.111111   0.111111   0.111111   0.111111   7 4 
UniformDecoy 0.111111   0.111111   0.111111   0.111111   0.111111   0.111111   0.111111   0.111111   0.111111   8 4 
UniformDecoy 0.111111   0.111111   0.111111   0.111111   0.111111   0.111111   0.111111   0.111111   0.111111   9 4 
UniformDecoy 0.111111   0.111111   0.111111   0.111111   0.111111   0.111111   0.111111   0.111111   0.111111   10 4 
UniformDecoy 0.111111   0.111111   0.111111   0.111111   0.111111   0.111111   0.111111   0.111111   0.111111   11 4 
UniformDecoy 0.111111   0.111111   0.111111   0.111111   0.111111   0.111111   0.111111   0.111111   0.111111   12 4 
UniformDecoy 0.111111   0.111111   0.111111   0.111111   0.111111   0.111111   0.111111   0.111111   0.111111   13 4 
UniformDecoy 0.111111   0.111111   0.111111   0.111111   0.111111   0.111111   0.111111   0.111111   0.111111   14 4 
UniformDecoy 0.111111   0.111111   0.111111   0.111111   0.111111   0.111111   0.111111   0.111111   0.111111   15 4 
UniformDecoy 0.111111   0.111111   0.111111   0.111111   0.111111   0.111111   0.111111   0.111111   0.111111   16 4 
UniformDecoy 0.111111   0.111111   0.111111   0.111111   0.111111   0.111111   0.111111   0.111111   0.111111   17 4 
UniformDecoy 0.111111   0.111111   0.111111   0.111111   0.111111   0.111111   0.111111   0.111111   0.111111   18 4 
UniformDecoy 0.111111   0.111111   0.111111   0.111111   0.111111   0.111111   0.111111   0.111111   0.111111   19 4 
UniformDecoy 0.111111   0.111111   0.111111   0.111111   0.111111   0.111111   0.111111   0.111111   0.111111   20 4 
UniformDecoy 0.111111   0.111111   0.111111   0.111111   0.111111   0.111111   0.111111   0.111111   0.111111   21 4 
UniformDecoy 0.111111   0.111111   0.111111   0.111111   0.111111   0.111111   0.111111   0.111111   0.111111   22 4 
UniformDecoy 0.111111   0.111111   0.111111   0.111111   0.111111   0.111111   0.111111   0.111111   0.111111   23 4 
UniformDecoy 0.111111   0.111111   0.111111   0.111111   0.111111   0.111111   0.111111   0.111111   0.111111   24 4 
UniformDecoy 0.111111   0.111111   0.111111   0.111111   0.111111   0.111111   0.111111   0.111111   0.111111   25 4 
UniformDecoy 0.111111   0.111111   0.111111   0.111111   0.111111   0.111111   0.111111   0.111111   0.111111   26 4 
UniformDecoy 0.111111   0.111111   0.111111   0.111111   0.111111   0.111111   0.111111   0.111111   0.111111   27 4 
UniformDecoy 0.111111   0.111111   0.111111   0.111111   0.111111   0.111111   0.111111   0.111111   0.111111   28 4 
UniformDecoy 0.111111   0.111111   0.111111   0.111111   0.111111   0.111111   0.111111   0.111111   0.111111   29 4 
UniformDecoy 0.111111   0.111111   0.111111   0.111111   0.111111   0.111111   0.111111   0.111111   0.111111   30 4 
UniformDecoy 0.111111   0.111111   0.111111   0.111111   0.111111   0.111111   0.111111   0.111111   0.111111   31 4 
UniformDecoy 0.111111   0.111111   0.111111   0.111111   0.111111   0.111111   0.111111   0.111111   0.111111   32 4 
UniformDecoy 0.111111   0.111111   0.111111   0.111111   0.111111   0.111111   0.111111   0.111111   0.111111   33 4 
UniformDecoy 0.111111   0.111111   0.111111   0.111111   0.111111   0.111111   0.111111   0.111111   0.111111   34 4 
UniformDecoy 0.111111   0.111111   0.111111   0.111111   0.111111   0.111111   0.111111   0.111111   0.111111   35 4 
UniformDecoy 0.111111   0.111111   0.111111   0.111111   0.111111   0.111111   0.111111   0.111111   0.111111   36 4 
UniformDecoy 0.111111   0.111111   0.111111   0.111111   0.111111   0.111111   0.111111   0.111111   0.111111   37 4 
UniformDecoy 0.111111   0.111111   0.111111   0.111111   0.111111   0.111111   0.111111   0.111111   0.111111   38 4 
UniformDecoy 0.111111   0.111111   0.111111   0.111111   0.111111   0.111111   0.111111   0.111111   0.111111   39 4 
UniformDecoy 0.111111   0.111111   0.111111   0.111111   0.111111   0.111111   0.111111   0.111111   0.111111   40 4 
UniformDecoy 0.111111   0.111111   0.111111   0.111111   0.111111   0.111111   0.111111   0.111111   0.111111   41 4 
UniformDecoy 0.111111   0.111111   0.111111   0.111111   0.111111   0.111111   0.111111   0.111111   0.111111   42 4 
UniformDecoy 0.111111   0.111111   0.111111   0.111111   0.111111   0.111111   0.111111   0.111111   0.111111   43 4 
UniformDecoy 0.111111   0.111111   0.111111   0.111111   0.111111   0.111111   0.111111   0.111111   0.111111   44 4 
UniformDecoy 0.111111   0.111111   0.111111   0.111111   0.111111   0.111111   0.111111   0.111111   0.111111   45 4 
UniformDecoy 0.111111   0.111111   0.111111   0.111111   0.111111   0.111111   0.111111   0.111111   0.111111   46 4 
UniformDecoy 0.111111   0.111111   0.111111   0.111111   0.111111   0.111111   0.111111   0.111111   0.111111   47 4 
UniformDecoy 0.111111   0.111111   0.111111   0.111111   0.111111   0.111111   0.111111   0.111111   0.111111   48 4 
UniformDecoy 0.111111   0.111111   0.111111   0.111111   0.111111   0.111111   0.111111   0.111111   0.111111   49 4 
UniformDecoy 0.111111   0.111111   0.111111   0.111111   0.111111   0.111111   0.111111   0.111111   0.111111   0 5 
UniformDecoy 0.111111   0.111111   0.111111   0.111111   0.111111   0.111111   0.111111   0.111111   0.111111   1 5 
UniformDecoy 0.111111   0.111111   0.111111   0.111111   0.111111   0.111111   0.111111   0.111111   0.111111   2 5 
UniformDecoy 0.111111   0.111111   0.111111   0.111111   0.111111   0.111111   0.111111   0.111111   0.111111   3 5 
UniformDecoy 0.111111   0.111111   0.111111   0.111111   0.111111   0.111111   0.111111   0.111111   0.111111   4 5 
UniformDecoy 0.111111   0.111111   0.111111   0.111111   0.111111   0.111111   0.111111   0.111111   0.111111   5 5 
UniformDecoy 0.111111   0.111111   0.111111   0.111111   0.111111   0.111111   0.111111   0.111111   0.111111   6 5 
UniformDecoy 0.111111   0.111111   0.111111   0.111111   0.111111   0.111111   0.111111   0.111111   0.111111   7 5 
UniformDecoy 0.111111   0.111111   0.111111   0.111111   0.111111   0.111111   0.111111   0.111111   0.111111   8 5 
UniformDecoy 0.111111   0.111111   0.111111   0.111111   0.111111   0.111111   0.111111   0.111111   0.111111   9 5 
UniformDecoy 0.111111   0.111111   0.111111   0.111111   0.111111   0.111111   0.111111   0.111111   0.111111   10 5 
UniformDecoy 0.111111   0.111111   0.111111   0.111111   0.111111   0.111111   0.111111   0.111111   0.111111   11 5 
UniformDecoy 0.111111   0.111111   0.111111   0.111111   0.111111   0.111111   0.111111   0.111111   0.111111   12 5 
UniformDecoy 0.111111   0.111111   0.111111   0.111111   0.111111   0.111111   0.111111   0.111111   0.111111   13 5 
UniformDecoy 0.111111   0.111111   0.111111   0.111111   0.111111   0.111111   0.111111   0.111111   0.111111   14 5 
UniformDecoy 0.111111   0.111111   0.111111   0.111111   0.111111   0.111111   0.111111   0.111111   0.111111   15 5 
UniformDecoy 0.111111   0.111111   0.111111   0.111111   0.111111   0.111111   0.111111   0.111111   0.111111   16 5 
UniformDecoy 0.111111   0.111111   0.111111   0.111111   0.111111   0.111111   0.111111   0.111111   0.111111   17 5 
UniformDecoy 0.111111   0.111111   0.111111   0.111111   0.111111   0.111111   0.111111   0.111111   0.111111   18 5 
UniformDecoy 0.111111   0.111111   0.111111   0.111111   0.111111   0.111111   0.111111   0.111111   0.111111   19 5 
UniformDecoy 0.111111   0.111111   0.111111   0.111111   0.111111   0.111111   0.111111   0.111111   0.111111   20 5 
UniformDecoy 0.111111   0.111111   0.111111   0.111111   0.111111   0.111111   0.111111   0.111111   0.111111   21 5 
UniformDecoy 0.111111   0.111111   0.111111   0.111111   0.111111   0.111111   0.111111   0.111111   0.111111   22 5 
UniformDecoy 0.111111   0.111111   0.111111   0.111111   0.111111   0.111111   0.111111   0.111111   0.111111   23 5 
UniformDecoy 0.111111   0.111111   0.111111   0.111111   0.111111   0.111111   0.111111   0.111111   0.111111   24 5 
UniformDecoy 0.111111   0.111111   0.111111   0.111111   0.111111   0.111111   0.111111   0.111111   0.111111   25 5 
UniformDecoy 0.111111   0.111111   0.111111   0.111111   0.111111   0.111111   0.111111   0.111111   0.111111   26 5 
UniformDecoy 0.111111   0.111111   0.111111   0.111111   0.111111   0.111111   0.111111   0.111111   0.111111   27 5 
UniformDecoy 0.111111   0.111111   0.111111   0.111111   0.111111   0.111111   0.111111   0.111111   0.111111   28 5 
UniformDecoy 0.111111   0.111111   0.111111   0.111111   0.111111   0.111111   0.111111   0.111111   0.111111   29 5 
UniformDecoy 0.111111   0.111111   0.111111   0.111111   0.111111   0.111111   0.111111   0.111111   0.111111   30 5 
UniformDecoy 0.111111   0.111111   0.111111   0.111111   0.111111   0.111111   0.111111   0.111111   0.111111   31 5 
UniformDecoy 0.111111   0.111111   0.111111   0.111111   0.111111   0.111111   0.111111   0.111111   0.111111   32 5 
UniformDecoy 0.111111   0.111111   0.111111   0.111111   0.111111   0.111111   0.111111   0.111111   0.111111   33 5 
UniformDecoy 0.111111   0.111111   0.111111   0.111111   0.111111   0.111111   0.111111   0.111111   0.111111   34 5 
UniformDecoy 0.111111   0.111111   0.111111   0.111111   0.111111   0.111111   0.111111   0.111111   0.111111   35 5 
UniformDecoy 0.111111   0.111111   0.111111   0.111111   0.111111   0.111111   0.111111   0.111111   0.111111   36 5 
UniformDecoy 0.111111   0.111111   0.111111   0.111111   0.111111   0.111111   0.111111   0.111111   0.111111   37 5 
UniformDecoy 0.111111   0.111111   0.111111   0.111111   0.111111   0.111111   0.111111   0.111111   0.111111   38 5 
UniformDecoy 0.111111   0.111111   0.111111   0.111111   0.111111   0.111111   0.111111   0.111111   0.111111   39 5 
UniformDecoy 0.111111   0.111111   0.111111   0.111111   0.111111   0.111111   0.111111   0.111111   0.111111   40 5 
UniformDecoy 0.111111   0.111111   0.111111   0.111111   0.111111   0.111111   0.111111   0.111111   0.111111   41 5 
UniformDecoy 0.111111   0.111111   0.111111   0.111111   0.111111   0.111111   0.111111   0.111111   0.111111   42 5 
UniformDecoy 0.111111   0.111111   0.111111   0.111111   0.111111   0.111111   0.111111   0.111111   0.111111   43 5 
UniformDecoy 0.111111   0.111111   0.111111   0.111111   0.111111   0.111111   0.111111   0.111111   0.111111   44 5 
UniformDecoy 0.111111   0.111111   0.111111   0.111111   0.111111   0.111111   0.111111   0.111111   0.111111   45 5 
UniformDecoy 0.111111   0.111111   0.111111   0.111111   0.111111   0.111111   0.111111   0.111111   0.111111   46 5 
UniformDecoy 0.111111   0.111111   0.111111   0.111111   0.111111   0.111111   0.111111   0.111111   0.111111   47 5 
UniformDecoy 0.111111   0.111111   0.111111   0.111111   0.111111   0.111111   0.111111   0.111111   0.111111   48 5 
UniformDecoy 0.111111   0.111111   0.111111   0.111111   0.111111   0.111111   0.111111   0.111111   0.111111   49 5 
UniformDecoy 0.111111   0.111111   0.111111   0.111111   0.111111   0.111111   0.111111   0.111111   0.111111   0 6 
UniformDecoy 0.111111   0.111111   0.111111   0.111111   0.111111   0.111111   0.111111   0.111111   0.111111   1 6 
UniformDecoy 0.111111   0.111111   0.111111   0.111111   0.111111   0.111111   0.111111   0.111111   0.111111   2 6 
UniformDecoy 0.111111   0.111111   0.111111   0.111111   0.111111   0.111111   0.111111   0.111111   0.111111   3 6 
UniformDecoy 0.111111   0.111111   0.111111   0.111111   0.111111   0.111111   0.111111   0.111111   0.111111   4 6 
UniformDecoy 0.111111   0.111111   0.111111   0.111111   0.111111   0.111111   0.111111   0.111111   0.111111   5 6 
UniformDecoy 0.111111   0.111111   0.111111   0.111111   0.111111   0.111111   0.111111   0.111111   0.111111   6 6 
UniformDecoy 0.111111   0.111111   0.111111   0.111111   0.111111   0.111111   0.111111   0.111111   0.111111   7 6 
UniformDecoy 0.111111   0.111111   0.111111   0.111111   0.111111   0.111111   0.111111   0.111111   0.111111   8 6 
UniformDecoy 0.111111   0.111111   0.111111   0.111111   0.111111   0.111111   0.111111   0.111111   0.111111   9 6 
UniformDecoy 0.111111   0.111111   0.111111   0.111111   0.111111   0.111111   0.111111   0.111111   0.111111   10 6 
UniformDecoy 0.111111   0.111111   0.111111   0.111111   0.111111   0.111111   0.111111   0.111111   0.111111   11 6 
UniformDecoy 0.111111   0.111111   0.111111   0.111111   0.111111   0.111111   0.111111   0.111111   0.111111   12 6 
UniformDecoy 0.111111   0.111111   0.111111   0.111111   0.111111   0.111111   0.111111   0.111111   0.111111   13 6 
UniformDecoy 0.111111   0.111111   0.111111   0.111111   0.111111   0.111111   0.111111   0.111111   0.111111   14 6 
UniformDecoy 0.111111   0.111111   0.111111   0.111111   0.111111   0.111111   0.111111   0.111111   0.111111   15 6 
UniformDecoy 0.111111   0.111111   0.111111   0.111111   0.111111   0.111111   0.111111   0.111111   0.111111   16 6 
UniformDecoy 0.111111   0.111111   0.111111   0.111111   0.111111   0.111111   0.111111   0.111111   0.111111   17 6 
UniformDecoy 0.111111   0.111111   0.111111   0.111111   0.111111   0.111111   0.111111   0.111111   0.111111   18 6 
UniformDecoy 0.111111   0.111111   0.111111   0.111111   0.111111   0.111111   0.111111   0.111111   0.111111   19 6 
UniformDecoy 0.111111   0.111111   0.111111   0.111111   0.111111   0.111111   0.111111   0.111111   0.111111   20 6 
UniformDecoy 0.111111   0.111111   0.111111   0.111111   0.111111   0.111111   0.111111   0.111111   0.111111   21 6 
UniformDecoy 0.111111   0.111111   0.111111   0.111111   0.111111   0.111111   0.111111   0.111111   0.111111   22 6 
UniformDecoy 0.111111   0.111111   0.111111   0.111111   0.111111   0.111111   0.111111   0.111111   0.111111   23 6 
UniformDecoy 0.111111   0.111111   0.111111   0.111111   0.111111   0.111111   0.111111   0.111111   0.111111   24 6 
UniformDecoy 0.111111   0.111111   0.111111   0.111111   0.111111   0.111111   0.111111   0.111111   0.111111   25 6 
UniformDecoy 0.111111   0.111111   0.111111   0.111111   0.111111   0.111111   0.111111   0.111111   0.111111   26 6 
UniformDecoy 0.111111   0.111111   0.111111   0.111111   0.111111   0.111111   0.111111   0.111111   0.111111   27 6 
UniformDecoy 0.111111   0.111111   0.111111   0.111111   0.111111   0.111111   0.111111   0.111111   0.111111   28 6 
UniformDecoy 0.111111   0.111111   0.111111   0.111111   0.111111   0.111111   0.111111   0.111111   0.111111   29 6 
UniformDecoy 0.111111   0.111111   0.111111   0.111111   0.111111   0.111111   0.111111   0.111111   0.111111   30 6 
UniformDecoy 0.111111   0.111111   0.111111   0.111111   0.111111   0.111111   0.111111   0.111111   0.111111   31 6 
UniformDecoy 0.111111   0.111111   0.111111   0.111111   0.111111   0.111111   0.111111   0.111111   0.111111   32 6 
UniformDecoy 0.111111   0.111111   0.111111   0.111111   0.111111   0.111111   0.111111   0.111111   0.111111   33 6 
UniformDecoy 0.111111   0.111111   0.111111   0.111111   0.111111   0.111111   0.111111   0.111111   0.111111   34 6 
UniformDecoy 0.111111   0.111111   0.111111   0.111111   0.111111   0.111111   0.111111   0.111111   0.111111   35 6 
UniformDecoy 0.111111   0.111111   0.111111   0.111111   0.111111   0.111111   0.111111   0.111111   0.111111   36 6 
UniformDecoy 0.111111   0.111111   0.111111   0.111111   0.111111   0.111111   0.111111   0.111111   0.111111   37 6 
UniformDecoy 0.111111   0.111111   0.111111   0.111111   0.111111   0.111111   0.111111   0.111111   0.111111   38 6 
UniformDecoy 0.111111   0.111111   0.111111   0.111111   0.111111   0.111111   0.111111   0.111111   0.111111   39 6 
UniformDecoy 0.111111   0.111111   0.111111   0.111111   0.111111   0.111111   0.111111   0.111111   0.111111   40 6 
UniformDecoy 0.111111   0.111111   0.111111   0.111111   0.111111   0.111111   0.111111   0.111111   0.111111   41 6 
UniformDecoy 0.111111   0.111111   0.111111   0.111111   0.111111   0.111111   0.111111   0.111111   0.111111   42 6 
UniformDecoy 0.111111   0.111111   0.111111   0.111111   0.111111   0.111111   0.111111   0.111111   0.111111   43 6 
UniformDecoy 0.111111   0.111111   0.111111   0.111111   0.111111   0.111111   0.111111   0.111111   0.111111   44 6 
UniformDecoy 0.111111   0.111111   0.111111   0.111111   0.111111   0.111111   0.111111   0.111111   0.111111   45 6 
UniformDecoy 0.111111   0.111111   0.111111   0.111111   0.111111   0.111111   0.111111   0.111111   0.111111   46 6 
UniformDecoy 0.111111   0.111111   0.111111   0.111111   0.111111   0.111111   0.111111   0.111111   0.111111   47 6 
UniformDecoy 0.111111   0.111111   0.111111   0.111111   0.111111   0.111111   0.111111   0.111111   0.111111   48 6 
UniformDecoy 0.111111   0.111111   0.111111   0.111111   0.111111   0.111111   0.111111   0.111111   0.111111   49 6 
UniformDecoy 0.111111   0.111111   0.111111   0.111111   0.111111   0.111111   0.111111   0.111111   0.111111   0 7 
UniformDecoy 0.111111   0.111111   0.111111   0.111111   0.111111   0.111111   0.111111   0.111111   0.111111   1 7 
UniformDecoy 0.111111   0.111111   0.111111   0.111111   0.111111   0.111111   0.111111   0.111111   0.111111   2 7 
UniformDecoy 0.111111   0.111111   0.111111   0.111111   0.111111   0.111111   0.111111   0.111111   0.111111   3 7 
UniformDecoy 0.111111   0.111111   0.111111   0.111111   0.111111   0.111111   0.111111   0.111111   0.111111   4 7 
UniformDecoy 0.111111   0.111111   0.111111   0.111111   0.111111   0.111111   0.111111   0.111111   0.111111   5 7 
UniformDecoy 0.111111   0.111111   0.111111   0.111111   0.111111   0.111111   0.111111   0.111111   0.111111   6 7 
UniformDecoy 0.111111   0.111111   0.111111   0.111111   0.111111   0.111111   0.111111   0.111111   0.111111   7 7 
UniformDecoy 0.111111   0.111111   0.111111   0.111111   0.111111   0.111111   0.111111   0.111111   0.111111   8 7 
UniformDecoy 0.111111   0.111111   0.111111   0.111111   0.111111   0.111111   0.111111   0.111111   0.111111   9 7 
UniformDecoy 0.111111   0.111111   0.111111   0.111111   0.111111   0.111111   0.111111   0.111111   0.111111   10 7 
UniformDecoy 0.111111   0.111111   0.111111   0.111111   0.111111   0.111111   0.111111   0.111111   0.111111   11 7 
UniformDecoy 0.111111   0.111111   0.111111   0.111111   0.111111   0.111111   0.111111   0.111111   0.111111   12 7 
UniformDecoy 0.111111   0.111111   0.111111   0.111111   0.111111   0.111111   0.111111   0.111111   0.111111   13 7 
UniformDecoy 0.111111   0.111111   0.111111   0.111111   0.111111   0.111111   0.111111   0.111111   0.111111   14 7 
UniformDecoy 0.111111   0.111111   0.111111   0.111111   0.111111   0.111111   0.111111   0.111111   0.111111   15 7 
UniformDecoy 0.111111   0.111111   0.111111   0.111111   0.111111   0.111111   0.111111   0.111111   0.111111   16 7 
UniformDecoy 0.111111   0.111111   0.111111   0.111111   0.111111   0.111111   0.111111   0.111111   0.111111   17 7 
UniformDecoy 0.111111   0.111111   0.111111   0.111111   0.111111   0.111111   0.111111   0.111111   0.111111   18 7 
UniformDecoy 0.111111   0.111111   0.111111   0.111111   0.111111   0.111111   0.111111   0.111111   0.111111   19 7 
UniformDecoy 0.111111   0.111111   0.111111   0.111111   0.111111   0.111111   0.111111   0.111111   0.111111   20 7 
UniformDecoy 0.111111   0.111111   0.111111   0.111111   0.111111   0.111111   0.111111   0.111111   0.111111   21 7 
UniformDecoy 0.111111   0.111111   0.111111   0.111111   0.111111   0.111111   0.111111   0.111111   0.111111   22 7 
UniformDecoy 0.111111   0.111111   0.111111   0.111111   0.111111   0.111111   0.111111   0.111111   0.111111   23 7 
UniformDecoy 0.111111   0.111111   0.111111   0.111111   0.111111   0.111111   0.111111   0.111111   0.111111   24 7 
UniformDecoy 0.111111   0.111111   0.111111   0.111111   0.111111   0.111111   0.111111   0.111111   0.111111   25 7 
UniformDecoy 0.111111   0.111111   0.111111   0.111111   0.111111   0.111111   0.111111   0.111111   0.111111   26 7 
UniformDecoy 0.111111   0.111111   0.111111   0.111111   0.111111   0.111111   0.111111   0.111111   0.111111   27 7 
UniformDecoy 0.111111   0.111111   0.111111   0.111111   0.111111   0.111111   0.111111   0.111111   0.111111   28 7 
UniformDecoy 0.111111   0.111111   0.111111   0.111111   0.111111   0.111111   0.111111   0.111111   0.111111   29 7 
UniformDecoy 0.111111   0.111111   0.111111   0.111111   0.111111   0.111111   0.111111   0.111111   0.111111   30 7 
UniformDecoy 0.111111   0.111111   0.111111   0.111111   0.111111   0.111111   0.111111   0.111111   0.111111   31 7 
UniformDecoy 0.111111   0.111111   0.111111   0.111111   0.111111   0.111111   0.111111   0.111111   0.111111   32 7 
UniformDecoy 0.111111   0.111111   0.111111   0.111111   0.111111   0.111111   0.111111   0.111111   0.111111   33 7 
UniformDecoy 0.111111   0.111111   0.111111   0.111111   0.111111   0.111111   0.111111   0.111111   0.111111   34 7 
UniformDecoy 0.111111   0.111111   0.111111   0.111111   0.111111   0.111111   0.111111   0.111111   0.111111   35 7 
UniformDecoy 0.111111   0.111111   0.111111   0.111111   0.111111   0.111111   0.111111   0.111111   0.111111   36 7 
UniformDecoy 0.111111   0.111111   0.111111   0.111111   0.111111   0.111111   0.111111   0.111111   0.111111   37 7 
UniformDecoy 0.111111   0.111111   0.111111   0.111111   0.111111   0.111111   0.111111   0.111111   0.111111   38 7 
UniformDecoy 0.111111   0.111111   0.111111   0.111111   0.111111   0.111111   0.111111   0.111111   0.111111   39 7 
UniformDecoy 0.111111   0.111111   0.111111   0.111111   0.111111   0.111111   0.111111   0.111111   0.111111   40 7 
UniformDecoy 0.111111   0.111111   0.111111   0.111111   0.111111   0.111111   0.111111   0.111111   0.111111   41 7 
UniformDecoy 0.111111   0.111111   0.111111   0.111111   0.111111   0.111111   0.111111   0.111111   0.111111   42 7 
UniformDecoy 0.111111   0.111111   0.111111   0.111111   0.111111   0.111111   0.111111   0.111111   0.111111   43 7 
UniformDecoy 0.111111   0.111111   0.111111   0.111111   0.111111   0.111111   0.111111   0.111111   0.111111   44 7 
UniformDecoy 0.111111   0.111111   0.111111   0.111111   0.111111   0.111111   0.111111   0.111111   0.111111   45 7 
UniformDecoy 0.111111   0.111111   0.111111   0.111111   0.111111   0.111111   0.111111   0.111111   0.111111   46 7 
UniformDecoy 0.111111   0.111111   0.111111   0.111111   0.111111   0.111111   0.111111   0.111111   0.111111   47 7 
UniformDecoy 0.111111   0.111111   0.111111   0.111111   0.111111   0.111111   0.111111   0.111111   0.111111   48 7 
UniformDecoy 0.111111   0.111111   0.111111   0.111111   0.111111   0.111111   0.111111   0.111111   0.111111   49 7 
UniformDecoy 0.111111   0.111111   0.111111   0.111111   0.111111   0.111111   0.111111   0.111111   0.111111   0 8 
UniformDecoy 0.111111   0.111111   0.111111   0.111111   0.111111   0.111111   0.111111   0.111111   0.111111   1 8 
UniformDecoy 0.111111   0.111111   0.111111   0.111111   0.111111   0.111111   0.111111   0.111111   0.111111   2 8 
UniformDecoy 0.111111   0.111111   0.111111   0.111111   0.111111   0.111111   0.111111   0.111111   0.111111   3 8 
UniformDecoy 0.111111   0.111111   0.111111   0.111111   0.111111   0.111111   0.111111   0.111111   0.111111   4 8 
UniformDecoy 0.111111   0.111111   0.111111   0.111111   0.111111   0.111111   0.111111   0.111111   0.111111   5 8 
UniformDecoy 0.111111   0.111111   0.111111   0.111111   0.111111   0.111111   0.111111   0.111111   0.111111   6 8 
UniformDecoy 0.111111   0.111111   0.111111   0.111111   0.111111   0.111111   0.111111   0.111111   0.111111   7 8 
UniformDecoy 0.111111   0.111111   0.111111   0.111111   0.111111   0.111111   0.111111   0.111111   0.111111   8 8 
UniformDecoy 0.111111   0.111111   0.111111   0.111111   0.111111   0.111111   0.111111   0.111111   0.111111   9 8 
UniformDecoy 0.111111   0.111111   0.111111   0.111111   0.111111   0.111111   0.111111   0.111111   0.111111   10 8 
UniformDecoy 0.111111   0.111111   0.111111   0.111111   0.111111   0.111111   0.111111   0.111111   0.111111   11 8 
UniformDecoy 0.111111   0.111111   0.111111   0.111111   0.111111   0.111111   0.111111   0.111111   0.111111   12 8 
UniformDecoy 0.111111   0.111111   0.111111   0.111111   0.111111   0.111111   0.111111   0.111111   0.111111   13 8 
UniformDecoy 0.111111   0.111111   0.111111   0.111111   0.111111   0.111111   0.111111   0.111111   0.111111   14 8 
UniformDecoy 0.111111   0.111111   0.111111   0.111111   0.111111   0.111111   0.111111   0.111111   0.111111   15 8 
UniformDecoy 0.111111   0.111111   0.111111   0.111111   0.111111   0.111111   0.111111   0.111111   0.111111   16 8 
UniformDecoy 0.111111   0.111111   0.111111   0.111111   0.111111   0.111111   0.111111   0.111111   0.111111   17 8 
UniformDecoy 0.111111   0.111111   0.111111   0.111111   0.111111   0.111111   0.111111   0.111111   0.111111   18 8 
UniformDecoy 0.111111   0.111111   0.111111   0.111111   0.111111   0.111111   0.111111   0.111111   0.111111   19 8 
UniformDecoy 0.111111   0.111111   0.111111   0.111111   0.111111   0.111111   0.111111   0.111111   0.111111   20 8 
UniformDecoy 0.111111   0.111111   0.111111   0.111111   0.111111   0.111111   0.111111   0.111111   0.111111   21 8 
UniformDecoy 0.111111   0.111111   0.111111   0.111111   0.111111   0.111111   0.111111   0.111111   0.111111   22 8 
UniformDecoy 0.111111   0.111111   0.111111   0.111111   0.111111   0.111111   0.111111   0.111111   0.111111   23 8 
UniformDecoy 0.111111   0.111111   0.111111   0.111111   0.111111   0.111111   0.111111   0.111111   0.111111   24 8 
UniformDecoy 0.111111   0.111111   0.111111   0.111111   0.111111   0.111111   0.111111   0.111111   0.111111   25 8 
UniformDecoy 0.111111   0.111111   0.111111   0.111111   0.111111   0.111111   0.111111   0.111111   0.111111   26 8 
UniformDecoy 0.111111   0.111111   0.111111   0.111111   0.111111   0.111111   0.111111   0.111111   0.111111   27 8 
UniformDecoy 0.111111   0.111111   0.111111   0.111111   0.111111   0.111111   0.111111   0.111111   0.111111   28 8 
UniformDecoy 0.111111   0.111111   0.111111   0.111111   0.111111   0.111111   0.111111   0.111111   0.111111   29 8 
UniformDecoy 0.111111   0.111111   0.111111   0.111111   0.111111   0.111111   0.111111   0.111111   0.111111   30 8 
UniformDecoy 0.111111   0.111111   0.111111   0.111111   0.111111   0.111111   0.111111   0.111111   0.111111   31 8 
UniformDecoy 0.111111   0.111111   0.111111   0.111111   0.111111   0.111111   0.111111   0.111111   0.111111   32 8 
UniformDecoy 0.111111   0.111111   0.111111   0.111111   0.111111   0.111111   0.111111   0.111111   0.111111   33 8 
UniformDecoy 0.111111   0.111111   0.111111   0.111111   0.111111   0.111111   0.111111   0.111111   0.111111   34 8 
UniformDecoy 0.111111   0.111111   0.111111   0.111111   0.111111   0.111111   0.111111   0.111111   0.111111   35 8 
UniformDecoy 0.111111   0.111111   0.111111   0.111111   0.111111   0.111111   0.111111   0.111111   0.111111   36 8 
UniformDecoy 0.111111   0.111111   0.111111   0.111111   0.111111   0.111111   0.111111   0.111111   0.111111   37 8 
UniformDecoy 0.111111   0.111111   0.111111   0.111111   0.111111   0.111111   0.111111   0.111111   0.111111   38 8 
UniformDecoy 0.111111   0.111111   0.111111   0.111111   0.111111   0.111111   0.111111   0.111111   0.111111   39 8 
UniformDecoy 0.111111   0.111111   0.111111   0.111111   0.111111   0.111111   0.111111   0.111111   0.111111   40 8 
UniformDecoy 0.111111   0.111111   0.111111   0.111111   0.111111   0.111111   0.111111   0.111111   0.111111   41 8 
UniformDecoy 0.111111   0.111111   0.111111   0.111111   0.111111   0.111111   0.111111   0.111111   0.111111   42 8 
UniformDecoy 0.111111   0.111111   0.111111   0.111111   0.111111   0.111111   0.111111   0.111111   0.111111   43 8 
UniformDecoy 0.111111   0.111111   0.111111   0.111111   0.111111   0.111111   0.111111   0.111111   0.111111   44 8 
UniformDecoy 0.111111   0.111111   0.111111   0.111111   0.111111   0.111111   0.111111   0.111111   0.111111   45 8 
UniformDecoy 0.111111   0.111111   0.111111   0.111111   0.111111   0.111111   0.111111   0.111111   0.111111   46 8 
UniformDecoy 0.111111   0.111111   0.111111   0.111111   0.111111   0.111111   0.111111   0.111111   0.111111   47 8 
UniformDecoy 0.111111   0.111111   0.111111   0.111111   0.111111   0.111111   0.111111   0.111111   0.111111   48 8 
UniformDecoy 0.111111   0.111111   0.111111   0.111111   0.111111   0.111111   0.111111   0.111111   0.111111   49 8 
UniformDecoy 0.111111   0.111111   0.111111   0.111111   0.111111   0.111111   0.111111   0.111111   0.111111   0 9 
UniformDecoy 0.111111   0.111111   0.111111   0.111111   0.111111   0.111111   0.111111   0.111111   0.111111   1 9 
UniformDecoy 0.111111   0.111111   0.111111   0.111111   0.111111   0.111111   0.111111   0.111111   0.111111   2 9 
UniformDecoy 0.111111   0.111111   0.111111   0.111111   0.111111   0.111111   0.111111   0.111111   0.111111   3 9 
UniformDecoy 0.111111   0.111111   0.111111   0.111111   0.111111   0.111111   0.111111   0.111111   0.111111   4 9 
UniformDecoy 0.111111   0.111111   0.111111   0.111111   0.111111   0.111111   0.111111   0.111111   0.111111   5 9 
UniformDecoy 0.111111   0.111111   0.111111   0.111111   0.111111   0.111111   0.111111   0.111111   0.111111   6 9 
UniformDecoy 0.111111   0.111111   0.111111   0.111111   0.111111   0.111111   0.111111   0.111111   0.111111   7 9 
UniformDecoy 0.111111   0.111111   0.111111   0.111111   0.111111   0.111111   0.111111   0.111111   0.111111   8 9 
UniformDecoy 0.111111   0.111111   0.111111   0.111111   0.111111   0.111111   0.111111   0.111111   0.111111   9 9 
UniformDecoy 0.111111   0.111111   0.111111   0.111111   0.111111   0.111111   0.111111   0.111111   0.111111   10 9 
UniformDecoy 0.111111   0.111111   0.111111   0.111111   0.111111   0.111111   0.111111   0.111111   0.111111   11 9 
UniformDecoy 0.111111   0.111111   0.111111   0.111111   0.111111   0.111111   0.111111   0.111111   0.111111   12 9 
UniformDecoy 0.111111   0.111111   0.111111   0.111111   0.111111   0.111111   0.111111   0.111111   0.111111   13 9 
UniformDecoy 0.111111   0.111111   0.111111   0.111111   0.111111   0.111111   0.111111   0.111111   0.111111   14 9 
UniformDecoy 0.111111   0.111111   0.111111   0.111111   0.111111   0.111111   0.111111   0.111111   0.111111   15 9 
UniformDecoy 0.111111   0.111111   0.111111   0.111111   0.111111   0.111111   0.111111   0.111111   0.111111   16 9 
UniformDecoy 0.111111   0.111111   0.111111   0.111111   0.111111   0.111111   0.111111   0.111111   0.111111   17 9 
UniformDecoy 0.111111   0.111111   0.111111   0.111111   0.111111   0.111111   0.111111   0.111111   0.111111   18 9 
UniformDecoy 0.111111   0.111111   0.111111   0.111111   0.111111   0.111111   0.111111   0.111111   0.111111   19 9 
UniformDecoy 0.111111   0.111111   0.111111   0.111111   0.111111   0.111111   0.111111   0.111111   0.111111   20 9 
UniformDecoy 0.111111   0.111111   0.111111   0.111111   0.111111   0.111111   0.111111   0.111111   0.111111   21 9 
UniformDecoy 0.111111   0.111111   0.111111   0.111111   0.111111   0.111111   0.111111   0.111111   0.111111   22 9 
UniformDecoy 0.111111   0.111111   0.111111   0.111111   0.111111   0.111111   0.111111   0.111111   0.111111   23 9 
UniformDecoy 0.111111   0.111111   0.111111   0.111111   0.111111   0.111111   0.111111   0.111111   0.111111   24 9 
UniformDecoy 0.111111   0.111111   0.111111   0.111111   0.111111   0.111111   0.111111   0.111111   0.111111   25 9 
UniformDecoy 0.111111   0.111111   0.111111   0.111111   0.111111   0.111111   0.111111   0.111111   0.111111   26 9 
UniformDecoy 0.111111   0.111111   0.111111   0.111111   0.111111   0.111111   0.111111   0.111111   0.111111   27 9 
UniformDecoy 0.111111   0.111111   0.111111   0.111111   0.111111   0.111111   0.111111   0.111111   0.111111   28 9 
UniformDecoy 0.111111   0.111111   0.111111   0.111111   0.111111   0.111111   0.111111   0.111111   0.111111   29 9 
UniformDecoy 0.111111   0.111111   0.111111   0.111111   0.111111   0.111111   0.111111   0.111111   0.111111   30 9 
UniformDecoy 0.111111   0.111111   0.111111   0.111111   0.111111   0.111111   0.111111   0.111111   0.111111   31 9 
UniformDecoy 0.111111   0.111111   0.111111   0.111111   0.111111   0.111111   0.111111   0.111111   0.111111   32 9 
UniformDecoy 0.111111   0.111111   0.111111   0.111111   0.111111   0.111111   0.111111   0.111111   0.111111   33 9 
UniformDecoy 0.111111   0.111111   0.111111   0.111111   0.111111   0.111111   0.111111   0.111111   0.111111   34 9 
UniformDecoy 0.111111   0.111111   0.111111   0.111111   0.111111   0.111111   0.111111   0.111111   0.111111   35 9 
UniformDecoy 0.111111   0.111111   0.111111   0.111111   0.111111   0.111111   0.111111   0.111111   0.111111   36 9 
UniformDecoy 0.111111   0.111111   0.111111   0.111111   0.111111   0.111111   0.111111   0.111111   0.111111   37 9 
UniformDecoy 0.111111   0.111111   0.111111   0.111111   0.111111   0.111111   0.111111   0.111111   0.111111   38 9 
UniformDecoy 0.111111   0.111111   0.111111   0.111111   0.111111   0.111111   0.111111   0.111111   0.111111   39 9 
UniformDecoy 0.111111   0.111111   0.111111   0.111111   0.111111   0.111111   0.111111   0.111111   0.111111   40 9 
UniformDecoy 0.111111   0.111111   0.111111   0.111111   0.111111   0.111111   0.111111   0.111111   0.111111   41 9 
UniformDecoy 0.111111   0.111111   0.111111   0.111111   0.111111   0.111111   0.111111   0.111111   0.111111   42 9 
UniformDecoy 0.111111   0.111111   0.111111   0.111111   0.111111   0.111111   0.111111   0.111111   0.111111   43 9 
UniformDecoy 0.111111   0.111111   0.111111   0.111111   0.111111   0.111111   0.111111   0.111111   0.111111   44 9 
UniformDecoy 0.111111   0.111111   0.111111   0.111111   0.111111   0.111111   0.111111   0.111111   0.111111   45 9 
UniformDecoy 0.111111   0.111111   0.111111   0.111111   0.111111   0.111111   0.111111   0.111111   0.111111   46 9 
UniformDecoy 0.111111   0.111111   0.111111   0.111111   0.111111   0.111111   0.111111   0.111111   0.111111   47 9 
UniformDecoy 0.111111   0.111111   0.111111   0.111111   0.111111   0.111111   0.111111   0.111111   0.111111   48 9 
UniformDecoy 0.111111   0.111111   0.111111   0.111111   0.111111   0.111111   0.111111   0.111111   0.111111   49 9 
