pp 0.000000 0.000000 2.290885 0.000000 15.947665 1.293809 0.000000 1.680344 0.998978 0 0 
pp 1.043976 17.311216 2.290885 1.447124 31.879017 3.137503 0.000000 1.805090 0.998978 1 0 
pp 3.255527 39.476177 6.900617 12.724344 67.258240 3.137503 0.000000 1.805090 0.998978 0 1 
pp 3.255527 41.703896 7.082203 12.724344 94.624840 12.297131 0.000000 1.805090 0.998978 0 2 
pp 5.682363 57.678627 8.577475 13.322191 106.734795 13.744397 0.000000 1.805090 0.998978 1 2 
pp 10.400903 65.036011 12.258991 14.064056 118.203667 15.299979 1.870908 2.640271 0.998978 0 3 
pp 10.400903 65.036011 12.258991 16.681068 165.517410 15.299979 2.357407 2.640271 1.143110 0 4 
pp 12.485981 67.949928 12.258991 18.315975 177.639526 15.786330 2.357407 9.691048 1.143110 1 4 
pp 12.485981 75.958290 12.258991 23.124069 453.121826 23.047943 4.076618 9.691048 1.312318 0 6 
pp 13.645257 104.988388 18.904875 26.550245 515.081665 29.890230 4.257443 9.691048 1.312318 1 6 
pp 13.979422 104.988388 18.904875 26.550245 545.506409 35.835941 4.257443 11.951368 3.916596 0 7 
pp 18.812420 171.305313 22.911283 31.952038 681.056763 35.835941 9.201688 11.951368 3.916596 0 8 
pp 18.853998 175.158630 22.911283 33.534012 697.743225 36.207386 9.201688 11.951368 5.364662 1 8 
pp 19.362223 178.896683 22.911283 35.845367 765.085938 49.254917 12.998347 14.525059 5.364662 0 9 
pp 19.362223 180.082993 22.911283 35.845367 880.142517 49.254917 12.998347 14.525059 5.364662 1 9 
pp 24.555895 211.019669 23.225994 44.180649 927.023621 57.931683 20.582481 14.525059 5.364662 2 9 
pp 28.027779 216.400101 23.664009 45.634026 947.224976 58.606888 20.582481 15.328493 5.364662 0 10 
pp 28.027779 219.155273 23.948400 47.728924 980.937195 61.618107 20.582481 16.436983 5.364662 1 10 
pp 28.027779 220.432205 23.948400 50.261509 1033.308228 61.618107 20.582481 20.439505 5.364662 0 11 
pp 28.611393 225.179794 23.948400 54.873264 1132.522827 62.889900 20.582481 20.439505 9.405565 0 12 
pp 28.611393 226.634277 24.582308 54.954025 1159.465088 62.889900 21.699818 20.439505 9.405565 1 12 
pp 28.716305 238.869949 27.770195 55.089855 1193.146362 63.612328 21.699818 20.601183 9.408746 0 13 
pp 31.814817 254.081482 28.013897 61.407665 1219.722290 64.199051 21.699818 20.835922 9.855413 1 13 
pp 35.297039 260.070770 29.676056 64.263206 1240.250488 64.928535 21.922689 21.230293 9.855413 0 14 
pp 35.297039 267.847443 31.006376 65.041466 1265.800049 66.931488 21.922689 26.948490 9.927107 1 14 
pp 35.297039 268.162079 31.691721 67.932602 1332.420654 69.794838 21.922689 27.679520 15.145508 0 15 
pp 35.297039 268.162079 34.509682 67.932602 1529.190186 71.440643 21.922689 27.679520 15.145508 1 15 
pp 35.297039 268.707764 34.509682 67.932602 1557.084229 71.440643 21.922689 27.679520 15.145508 0 16 
pp 35.297039 270.145233 34.509682 67.932602 1606.186523 75.239960 21.922689 27.679520 15.145508 0 17 
pp 35.297039 275.776917 34.509682 67.932602 1628.076538 75.239960 21.956165 27.679520 15.145508 1 17 
pp 35.297039 285.776001 38.962036 67.932602 1653.026611 77.063354 21.956165 27.898916 15.145508 0 18 
pp 41.995346 295.386841 38.962036 80.661758 1671.218262 77.063354 21.956165 27.898916 15.145508 1 18 
pp 57.829357 311.411682 38.962036 81.417381 1693.867676 81.008484 21.956165 27.898916 15.145508 0 19 
pp 59.686588 316.101074 38.962036 81.925095 1708.347290 82.074028 21.956165 28.969498 15.145508 1 19 
pp 60.235718 317.358032 45.691185 81.925095 1754.656860 98.516609 21.956165 28.969498 16.327419 0 20 
pp 70.229492 325.935150 45.727043 82.513275 1760.951172 98.516609 21.956165 29.313206 16.327419 1 20 
pp 70.513321 327.236176 45.727043 82.513275 1804.382690 104.652237 21.956165 29.313206 17.662655 0 21 
pp 71.112648 328.383606 45.727043 128.677704 1848.946045 104.652237 23.813368 29.533489 17.662655 1 21 
pp 71.112648 329.169098 48.587383 128.783691 1922.128418 104.652237 23.813368 31.819191 17.662655 0 22 
pp 75.521591 329.659607 50.197876 138.102570 1996.254883 104.652237 28.903484 47.881500 19.334511 0 23 
pp 76.106705 339.734253 50.197876 142.199936 2017.635254 104.652237 28.903484 48.451988 19.334511 0 24 
pp 76.106705 353.210968 50.197876 153.409714 2064.988037 105.683983 38.148712 52.405174 19.334511 0 25 
pp 76.106705 353.210968 50.197876 153.409714 2323.792969 110.850037 39.025742 66.811539 21.854740 0 26 
pp 76.880142 366.150360 62.710052 153.409714 2337.555664 115.596184 39.025742 66.811539 21.854740 1 26 
pp 77.852234 379.306183 63.053642 153.409714 2341.637451 116.723396 39.025742 66.811539 21.854740 0 28 
pp 89.085312 409.836151 73.045578 153.896042 2387.604492 131.351608 39.025742 73.849709 25.277479 0 29 
pp 90.378517 409.954132 73.045578 156.698212 2438.798340 134.054245 39.025742 73.849709 25.630627 0 30 
pp 90.378517 411.538452 74.505402 156.698212 2459.837402 137.166931 39.087521 74.970253 25.630627 1 30 
pp 105.224426 467.231293 74.505402 156.698212 2519.928223 148.397263 39.087521 74.970253 25.630627 0 31 
pp 107.849846 474.398468 75.054138 161.245758 2530.037598 148.692703 40.108650 77.677139 26.275789 1 31 
pp 113.705162 491.198700 75.054138 169.692627 2609.267578 149.198624 61.547501 86.787659 26.275789 0 32 
pp 113.705162 492.764618 75.054138 170.588043 2638.767090 151.814362 61.749531 91.349754 26.275789 1 32 
pp 115.564674 505.710632 75.973434 170.726669 2655.460205 152.809265 61.749531 91.349754 26.472172 0 33 
pp 115.564674 507.497284 78.293861 171.859787 2671.711426 156.040939 61.749531 91.445320 26.472172 1 33 
pp 115.564674 511.680511 96.602371 176.131348 2705.903809 159.382721 61.749531 91.445320 26.472172 0 34 
pp 121.195747 512.529602 96.602371 177.294418 2748.603516 169.578079 63.566666 95.876511 26.472172 1 34 
pp 122.154266 521.892395 96.602371 182.953827 2816.380371 170.688583 63.566666 97.869339 26.472172 0 35 
pp 123.879143 521.892395 96.602371 185.570709 2839.165771 170.688583 63.566666 97.869339 27.705196 0 36 
pp 123.879143 522.057678 96.602371 190.230011 2872.355713 172.159653 63.566666 102.768600 27.705196 0 37 
pp 128.596954 532.433289 98.082092 190.230011 2908.660400 175.419388 63.862080 102.768600 27.705196 1 37 
pp 130.286758 533.160645 98.082092 197.897293 2935.428711 176.302567 66.570717 105.196587 27.705196 0 38 
pp 130.286758 533.160645 104.904823 199.914795 3102.708008 179.644836 66.855339 106.883125 27.705196 1 38 
pp 130.871262 543.717468 104.904823 207.909683 3146.909912 180.939590 66.855339 128.319580 30.280897 0 39 
pp 130.871262 565.094666 108.287766 211.783417 3230.849365 181.029465 66.855339 128.673325 30.280897 0 40 
pp 137.084656 580.731934 108.287766 229.739807 3275.822266 181.029465 66.855339 131.768967 30.280897 1 40 
pp 137.183517 586.255310 109.110916 229.739807 3285.316406 188.780121 66.855339 132.176773 31.341690 2 40 
pp 139.337479 591.628479 109.341515 232.483154 3314.900146 188.780121 67.329185 133.944214 33.423641 0 41 
pp 139.337479 637.959900 109.341515 232.483154 3388.864258 188.780121 67.329185 133.944214 33.423641 0 42 
pp 146.848373 654.693665 111.560966 253.750275 3550.822510 208.682938 67.329185 139.547546 52.603634 1 42 
pp 148.992096 659.649780 112.281296 258.813354 3569.619873 210.228821 67.329185 139.547546 52.603634 0 43 
pp 149.322922 659.904602 114.487106 258.813354 3592.775146 210.228821 67.329185 139.547546 53.776260 0 44 
pp 157.708069 665.041016 115.298607 290.298065 3639.995605 225.756210 69.305725 142.138458 53.776260 0 45 
pp 159.423645 671.186340 115.298607 321.997620 3683.191895 225.756210 79.633614 149.737305 54.260235 0 46 
pp 161.004929 688.822021 118.654495 323.689056 3743.047852 225.883621 79.883499 152.545563 54.260235 1 46 
pp 164.374664 719.443054 122.384422 324.487122 4019.625244 225.883621 79.883499 152.545563 54.260235 2 46 
pp 169.662323 729.753235 123.843315 325.261505 4039.082520 230.130951 85.519081 156.111267 54.260235 0 47 
pp 175.767685 755.471008 127.142456 341.728516 4145.909668 246.366180 85.519081 160.732025 61.260838 0 48 
pp 175.767685 755.471008 131.713150 384.530853 4559.640137 246.366180 89.877319 160.732025 64.831383 0 49 
pp 177.284348 762.473999 131.880112 384.942322 4586.169434 252.809189 90.887878 166.778152 82.148354 0 50 
pp 179.140274 766.171204 139.348694 387.692719 4624.863281 258.248901 90.887878 174.104736 82.148354 1 50 
pp 179.140274 777.555298 139.542908 387.692719 4667.990234 258.363373 90.887878 174.104736 82.148354 0 51 
pp 179.140274 777.555298 139.542908 392.734314 4689.974609 258.363373 91.384773 174.471664 82.148354 1 51 
pp 180.196014 782.737183 140.457916 394.561829 4721.734375 259.790405 93.583542 186.259827 85.834732 0 52 
pp 182.554443 793.807556 140.895248 401.758728 4737.845703 264.825714 93.583542 186.259827 86.789879 1 52 
pp 184.388275 804.554871 147.992920 401.758728 4805.579590 291.246887 93.583542 190.112549 86.789879 0 53 
pp 184.388275 816.368713 149.947784 407.632263 4841.581055 295.513031 93.583542 196.896210 93.616051 1 53 
pp 208.692307 816.368713 149.947784 417.820526 4944.820312 295.513031 93.583542 196.896210 93.616051 0 54 
pp 208.692307 817.105225 156.316071 417.820526 5067.903809 295.513031 101.520103 196.896210 93.616051 0 55 
pp 208.692307 821.652100 159.772293 429.635681 5087.075684 298.038696 101.520103 196.896210 93.616051 0 56 
pp 208.692307 828.312744 159.772293 446.660553 5364.651367 353.582855 101.520103 227.589569 93.616051 0 57 
pp 215.350983 860.038269 159.772293 456.301910 5461.129883 370.008850 101.520103 227.589569 93.616051 0 58 
pp 219.287537 902.218201 167.034058 465.223480 5605.480469 373.690918 101.520103 228.165604 99.749931 0 59 
pp 221.195282 908.571167 167.034058 480.520355 5628.650879 373.690918 101.520103 228.165604 99.749931 0 60 
pp 221.195282 914.150330 178.017365 486.488617 5800.572754 384.269287 103.942902 231.166367 99.749931 0 61 
pp 222.544312 916.650208 178.017365 489.234406 5882.728027 384.433838 103.942902 231.166367 99.749931 1 61 
pp 222.544312 918.908813 181.419800 489.486816 5924.470703 386.961761 103.942902 232.137985 99.873062 0 63 
pp 222.544312 926.229126 182.032913 489.486816 5975.191895 396.333527 103.942902 232.137985 99.873062 0 64 
pp 233.144043 931.697937 184.388504 490.020874 6080.606445 404.835052 103.942902 234.297256 99.873062 0 65 
pp 238.149155 947.376648 184.388504 530.154114 6096.825195 413.716827 117.036896 234.297256 99.873062 0 67 
pp 239.658600 952.485657 184.388504 531.668396 6223.600098 413.716827 119.811188 248.773987 101.960175 0 68 
pp 239.658600 952.485657 184.598251 532.300842 6490.752930 413.716827 119.811188 248.773987 101.960175 1 68 
pp 239.658600 955.387512 184.598251 550.885742 6793.381836 432.228302 119.811188 248.773987 101.960175 0 69 
pp 240.868729 960.236938 184.598251 550.885742 6972.268066 432.228302 121.388237 248.773987 101.960175 1 69 
pp 242.433136 988.198914 189.883850 550.885742 7025.899902 442.027710 121.388237 253.590347 101.960175 0 70 
pp 242.433136 988.198914 189.883850 551.297058 7069.098633 442.233917 124.483368 253.767990 101.960175 1 70 
pp 242.932007 1000.985168 191.732574 558.148499 7077.618652 444.968323 124.483368 253.767990 104.238091 0 71 
pp 242.932007 1011.243164 193.371933 558.148499 7089.067383 445.848267 124.743881 253.767990 105.327026 0 72 
pp 245.146042 1015.847168 196.147629 560.917969 7121.764648 445.848267 125.417206 253.767990 105.327026 0 73 
pp 245.146042 1017.406921 196.314789 560.917969 7152.204590 452.243011 125.417206 256.757843 105.327026 1 73 
pp 245.146042 1026.041382 197.756516 560.917969 7443.890625 455.720215 125.417206 260.210205 105.327026 0 74 
pp 247.656433 1027.307739 200.965759 561.759155 7458.656738 457.159790 125.417206 260.210205 105.327026 1 74 
pp 247.656433 1027.307739 200.965759 586.159607 8061.611328 457.159790 125.417206 273.005096 105.327026 0 75 
pp 247.656433 1030.109863 200.965759 588.119324 8092.474121 457.521790 125.417206 273.005096 105.327026 1 75 
pp 248.041336 1030.109863 200.965759 588.119324 8130.612305 458.855316 129.815170 292.953827 119.322746 0 76 
pp 248.041336 1031.094482 211.778320 588.119324 8175.615723 462.612183 129.815170 294.722473 133.721542 1 76 
pp 248.234665 1034.196533 212.446777 590.428589 8225.111328 463.643494 131.079956 298.869049 133.721542 0 77 
pp 251.226471 1034.196533 212.446777 596.813416 8266.863281 463.643494 132.082413 299.225250 133.721542 0 78 
pp 251.226471 1053.578857 212.446777 614.428650 8392.900391 489.140259 132.082413 299.225250 133.721542 0 79 
pp 251.226471 1061.074829 212.446777 616.938904 8400.023438 493.627960 132.082413 300.452698 136.897217 1 79 
pp 251.226471 1064.308594 212.446777 616.938904 8480.226562 493.627960 132.082413 301.242859 139.136093 0 80 
pp 251.226471 1072.634277 221.066589 623.023010 8506.544922 493.627960 138.314011 307.936859 141.357712 1 80 
pp 251.226471 1088.250977 222.557541 623.023010 8579.124023 497.743134 138.314011 307.936859 141.357712 0 82 
pp 251.226471 1107.588257 225.738144 633.092896 8640.029297 498.623993 155.929306 307.936859 141.357712 0 83 
pp 251.226471 1107.588257 225.738144 633.092896 8841.201172 513.304871 155.929306 307.936859 141.357712 1 83 
pp 251.807098 1108.468750 225.738144 633.092896 8898.598633 513.304871 156.690536 307.936859 141.357712 0 85 
pp 273.355591 1144.038086 225.738144 667.986816 8918.659180 513.304871 156.690536 307.936859 141.357712 0 86 
pp 274.141479 1162.374756 225.738144 667.986816 8940.885742 518.766052 156.690536 307.936859 142.030029 1 86 
pp 274.141479 1167.916626 225.738144 669.018494 8967.245117 521.041687 156.690536 307.973450 142.030029 0 87 
pp 285.823303 1193.899536 225.738144 669.018494 9001.507812 521.602295 158.875381 307.973450 142.030029 0 90 
pp 287.831726 1198.538208 225.738144 673.015747 9031.132812 526.770752 158.875381 307.973450 142.120026 0 91 
pp 287.831726 1198.538208 225.738144 673.015747 9060.187500 528.216125 160.821365 308.422363 142.120026 0 92 
pp 296.867950 1211.000732 225.738144 673.015747 9188.942383 528.216125 160.821365 308.422363 151.157806 1 92 
pp 311.280365 1211.000732 231.347122 675.195129 9415.786133 528.216125 160.821365 320.057343 160.343262 0 93 
pp 311.280365 1213.125000 231.347122 676.320374 9458.222656 534.610718 160.821365 320.379486 160.343262 1 93 
pp 311.280365 1221.572998 234.247833 677.344849 9471.317383 538.406067 160.821365 321.638916 160.618042 0 94 
pp 311.280365 1231.264160 234.247833 686.189575 9565.109375 538.406067 160.821365 328.555054 160.618042 1 94 
pp 311.280365 1239.557373 241.638184 692.968140 9682.142578 542.358765 162.727097 332.603424 160.618042 0 95 
pp 316.291565 1256.026855 242.221176 694.371765 9708.621094 542.358765 162.727097 333.509552 160.618042 1 95 
pp 316.291565 1266.354370 242.221176 694.371765 9723.008789 544.528381 162.727097 335.064972 160.748398 2 95 
pp 317.028625 1272.417969 250.991196 696.031250 9778.673828 544.528381 162.727097 335.064972 166.034714 0 96 
pp 317.028625 1301.224609 250.991196 727.512146 10051.861328 544.528381 162.727097 335.064972 166.034714 1 96 
pp 320.522186 1301.224609 279.906616 727.840576 10193.350586 544.528381 162.727097 335.064972 170.057617 0 97 
pp 320.522186 1303.423950 279.906616 727.840576 10212.766602 548.242981 162.727097 335.064972 170.057617 1 97 
pp 321.233185 1338.279663 302.764099 730.606689 10304.779297 567.230469 162.727097 338.088226 170.057617 0 98 
